93.702524 64.758182
197.716285 26.421681
199.402427 55.576962
89.928581 56.495399
268.840585 85.426980
322.595064 69.300325
228.564020 75.622060
101.473639 34.864397
189.045092 77.979466
19.330090 80.779710
238.258945 74.018801
65.877272 70.289853
235.751752 43.121032
286.581582 81.222901
141.484703 14.285506
185.745047 56.422479
328.948195 89.224706
320.870205 29.464917
4.485409 19.173804
41.717072 77.071651
167.876104 47.087713
188.217098 74.194462
123.630600 56.756960
352.770030 88.212190
65.537675 73.632603
99.549162 84.617249
22.348288 78.816250
280.546687 17.907522
225.234616 25.015704
348.972170 80.326219
29.503126 65.716754
107.147514 45.078391
238.796941 77.526590
301.271632 64.956375
5.338174 5.943547
65.696754 73.645044
78.943782 28.286153
191.080541 63.515561
28.924681 5.045472
341.980672 69.638917
327.446629 71.913528
169.078437 48.747327
239.136832 22.846115
35.498231 37.523436
74.598824 77.994387
145.516769 20.993831
312.947961 30.845834
206.241540 64.146671
262.864551 38.412781
307.142715 69.025236
97.175555 52.045536
146.114781 34.100785
45.941382 63.328840
78.675851 14.657842
117.892590 41.594632
216.157133 -2.932585
175.032274 83.582584
237.424516 78.495599
256.104521 68.280066
336.638565 71.907602
17.017268 51.551217
67.058401 37.566054
32.082162 65.738110
37.749296 68.180747
244.591361 66.274863
322.254548 78.830317
142.564470 83.813079
169.037918 89.341014
179.226961 17.110749
179.213882 36.525084
221.247319 27.131400
105.687770 64.243655
132.016379 -4.236688
70.998768 73.656510
309.933289 3.992795
163.420619 73.740030
164.215471 73.739504
81.876163 16.072343
135.768752 8.888971
21.254505 53.874969
87.305591 15.629707
25.831971 65.720501
29.236563 65.731124
77.127774 17.442733
142.936506 56.397019
36.154824 4.522834
232.575988 64.936829
53.211292 25.728363
147.713828 52.512120
81.750111 79.984880
20.759902 -6.409128
58.370780 10.785200
65.373960 73.631767
299.431162 31.115453
16.357005 60.528681
83.134928 33.203252
190.111058 65.122925
189.539763 82.151674
29.208207 65.734903
65.375678 73.650816
60.011895 55.483067
282.213707 85.018971
300.721035 55.872914
318.608865 29.878833
175.901119 63.518239
147.988280 33.930230
262.435904 81.164950
243.864015 25.430363
74.001203 63.387505
157.258469 38.275951
215.617289 59.922694
269.067194 49.715136
355.129550 44.946913
308.262772 81.309191
233.244396 40.032549
355.207546 46.624309
214.987720 39.272331
137.083763 89.197900
273.344808 56.308285
351.090686 17.361833
202.739216 64.716935
307.047913 57.029111
33.669369 23.571444
47.392781 24.103595
198.149415 72.943901
162.628971 78.536047
264.431837 62.620761
127.660043 73.867960
183.523700 53.695605
216.399884 47.458361
70.021441 43.072019
138.822252 42.155368
175.870453 60.017618
178.576172 46.711697
252.663646 32.434983
93.410970 39.340099
254.818251 47.564401
306.264540 53.526901
290.445964 59.804650
4.878176 71.349474
17.908783 69.390470
285.941475 58.241391
181.184967 71.542935
17.852277 14.109856
73.899991 63.384819
346.114053 48.435863
278.521043 84.867584
230.640741 25.857971
297.532836 80.760691
29.515542 65.733621
90.072900 38.554640
130.937721 68.323705
188.171070 56.158711
52.442411 86.968025
29.464614 65.737321
174.959205 21.594469
181.108052 27.578108
355.126803 44.557706
45.368915 46.139873
115.232697 60.272838
182.187714 54.851692
239.408756 7.322511
29.894690 65.724565
34.036226 88.177591
349.047645 44.940281
29.464901 65.733253
120.286696 22.157709
182.746986 12.434900
303.346332 73.641100
31.446826 78.376997
7.351161 10.220656
250.351107 63.849573
265.169776 54.358869
137.201150 42.012289
238.439117 19.775073
345.978972 83.373566
20.420991 79.704036
245.744551 50.522732
255.297302 50.507667
115.758835 87.046377
29.785511 20.959581
125.421726 55.948256
196.960461 69.178527
171.074485 27.994548
307.829772 29.887085
9.326493 26.718774
21.726961 21.389641
93.650377 19.728932
104.280183 11.063096
187.924094 65.116882
221.793810 59.910759
262.905940 45.836799
70.540241 35.589755
234.840857 -6.250764
266.201180 63.821230
22.204359 46.114303
333.235548 46.128424
0.928553 21.803006
32.791481 83.400837
108.053673 5.159296
253.575275 1.253793
64.953714 47.441042
131.676681 50.163961
247.007210 41.423111
217.059685 26.775360
260.098885 13.528300
257.585525 61.053769
108.250180 -2.984760
9.021049 19.168537
45.587800 54.281587
76.268532 82.058129
19.344302 52.324431
84.968954 68.675679
192.300219 27.155239
192.493085 27.154301
244.005453 70.907605
261.435423 74.996649
115.420383 74.594442
208.886954 31.676458
331.865041 17.373962
39.775484 23.574406
253.402197 11.546456
354.403139 78.596534
2.567098 35.119673
199.279849 17.559077
349.592637 37.499310
50.399492 51.577811
214.787413 28.800456
217.228584 28.374074
236.754227 81.225801
297.824836 20.566215
339.011082 5.297696
45.791285 27.813947
26.240661 65.719723
150.182249 83.561463
21.863392 24.670473
127.504575 23.292764
70.391215 78.941312
283.397855 17.443881
45.107846 21.411596
25.730497 13.165850
172.186928 16.057722
196.370506 80.917020
57.485000 22.848001
166.541287 10.427225
354.832939 11.692701
118.173112 55.581752
65.224314 84.842322
342.890958 17.087549
130.569554 61.889795
138.761553 70.741477
196.109944 2.478863
161.263938 61.526000
255.667367 75.863471
341.510645 83.370693
200.230099 74.385260
50.358944 79.496122
244.949137 9.361621
90.563255 80.881262
140.781037 83.562260
283.659833 46.962903
143.911951 77.670609
104.245418 23.700015
302.825175 89.088487
144.121126 77.670208
312.296806 86.646990
66.939732 68.639545
299.553063 61.362637
139.979323 52.112075
172.625054 28.131444
178.735418 66.719556
264.588244 81.629248
33.530103 20.082788
64.279243 44.999967
275.795321 81.580062
336.436437 52.711031
95.995372 66.242513
219.122480 19.359742
335.130050 45.265675
256.262177 68.280986
94.904651 43.113987
22.643646 26.953195
184.018677 56.420815
268.776360 17.932063
157.531909 77.948677
105.806129 43.126927
246.262823 57.920956
349.669863 49.214887
237.003451 74.155874
132.691955 9.896303
286.824873 27.856322
316.121723 54.672643
24.755291 60.934857
160.768517 19.620092
239.218435 40.027851
313.032157 69.686917
313.961170 26.566102
62.875425 87.613816
311.562961 60.561170
59.851323 83.377903
269.079381 82.575806
124.122957 19.784458
338.708317 89.041576
182.979632 61.541759
58.907172 31.937037
273.507474 61.812871
17.513813 26.760934
108.381533 56.343160
220.574232 39.801348
185.359270 22.866387
51.953076 81.922452
69.284318 74.079061
171.882290 34.927221
278.485886 74.682702
309.135091 69.847033
34.737166 61.338878
128.622292 66.032492
173.302946 26.321884
179.428203 70.840573
208.076001 48.252436
129.090245 74.558302
204.920460 24.185884
223.073946 26.717284
254.641600 9.851135
269.459580 38.400914
188.632452 44.382656
39.665240 83.726470
278.947198 52.407361
101.748798 74.138421
190.346207 65.126059
5.309675 20.508746
87.462822 44.657583
100.999619 49.728478
125.868871 32.073870
238.092223 47.048592
274.449832 13.243136
323.880766 74.459979
113.530305 5.721081
61.524039 63.361536
250.430607 39.628012
254.796549 22.381339
262.173688 59.068841
67.217317 89.213587
110.736561 51.295952
131.815458 73.337521
296.208703 70.702894
112.415908 34.463675
192.936527 77.248140
199.530126 40.071995
56.888819 46.924589
129.758917 83.071919
183.980876 30.322971
53.799199 60.171479
161.680181 74.213084
4.976015 21.798282
281.346544 34.277244
120.354803 59.101905
198.019816 86.824607
74.613378 81.960985
87.621000 76.271215
279.780584 51.627460
64.949393 73.642794
204.122451 38.355600
269.401176 52.811322
196.364944 79.908867
178.623106 47.096634
81.805864 25.776860
114.946906 86.372003
135.568500 1.453079
249.789467 58.701474
325.737672 84.277940
237.966777 86.132870
43.243097 33.134622
143.142174 36.901663
259.821140 39.998681
337.097214 20.955608
242.853624 89.203185
283.661778 46.965779
262.038503 71.597969
79.619942 6.723178
126.579213 63.466731
252.431176 71.614021
336.860440 26.951821
263.580195 -2.370715
265.847008 15.170506
79.272364 83.878761
154.088415 29.229601
9.406835 20.501778
243.387580 61.867594
285.719647 19.244150
181.471520 38.902432
246.860759 57.523902
182.206970 71.277096
8.834888 54.847974
74.848531 34.796000
145.039914 33.296862
172.232625 35.955436
174.785499 64.723521
294.700654 59.404126
45.514651 71.252070
65.877776 16.041189
104.876561 64.881770
257.013323 86.725575
94.567073 70.118368
106.521762 55.958914
248.137647 37.252044
208.112793 48.246930
82.425991 62.310779
158.283088 45.674455
48.600099 35.151988
179.462543 55.242625
298.638060 26.196640
347.556554 86.960165
28.769753 84.791393
168.218085 63.782157
255.790308 21.523483
216.342352 88.698093
114.997468 59.123379
79.029316 7.764639
170.804550 23.327228
281.037792 59.423677
330.026360 3.959239
237.650524 62.273451
79.653110 87.017554
277.289051 24.921064
261.430747 54.362593
164.957503 59.947301
211.966965 64.437439
156.408548 82.967367
310.124874 55.465003
0.933523 3.405722
31.789467 20.080789
67.245618 -5.014726
167.431902 7.363613
339.969223 41.835269
64.809559 73.645199
87.558557 26.623523
175.185520 20.278107
242.112516 4.644704
165.312821 89.231024
29.528503 65.732569
29.327183 65.720386
94.533593 75.517660
164.589895 42.992329
168.305313 41.649408
165.335691 77.223818
306.501124 72.339574
343.646481 87.400500
25.665950 65.728553
29.332515 65.734384
29.788540 65.734629
298.009035 86.910352
273.580185 26.303571
12.550256 7.995848
74.023348 63.379698
100.198806 57.113769
68.090772 40.324125
68.676723 60.597677
203.456368 81.713624
259.913841 49.442795
331.159749 43.001655
15.302356 0.539245
190.033013 62.721268
17.942138 23.821969
85.479797 79.347762
88.574969 28.474314
49.309412 74.278672
29.175401 65.731634
200.013711 15.728080
218.775673 53.379195
235.641296 32.062127
29.782773 65.732590
77.385070 49.296756
120.739192 59.548024
168.441309 -5.181472
26.778902 28.622084
25.879912 65.717144
29.414050 65.734126
218.875701 53.282774
107.152685 86.852687
209.502392 81.225879
26.292474 23.596943
42.015769 49.625364
359.305721 19.165505
347.924642 87.959234
213.929324 88.355678
73.236447 24.060563
115.920812 51.692875
61.269791 73.636983
148.010063 70.420515
222.308448 4.307208
79.056323 61.005107
257.468996 18.847878
65.777998 42.672344
176.889064 88.301805
332.926888 24.691661
356.541881 35.914084
234.076669 34.485319
178.883007 83.854198
56.527714 1.162476
134.415051 35.700977
321.308117 25.441678
355.705089 52.702636
165.051162 68.368120
231.158113 82.149286
38.538393 36.330940
114.814434 41.589102
181.421921 74.205765
193.110536 55.641458
206.668762 5.234332
262.374478 78.733900
297.769567 85.810491
270.544078 24.522676
335.233423 46.116995
193.786184 86.038764
168.171750 69.776752
310.301179 73.714657
227.996419 32.878049
59.217378 73.637709
73.292927 11.097077
115.114349 4.867749
72.308842 73.655502
195.997514 0.746622
256.426313 40.785040
267.705733 71.585822
295.341627 43.840224
199.047168 51.752533
248.067830 80.145472
11.519267 48.587557
6.267097 12.674352
328.232246 43.011153
331.702501 17.370646
67.909481 80.955704
143.456076 8.899971
277.420683 59.042918
302.509668 80.172057
95.821874 81.636595
111.988440 66.695003
138.507800 61.714480
187.990808 74.215352
208.148045 48.252632
284.582998 88.745255
136.292544 69.582287
44.222119 73.615356
68.977317 60.199086
141.641680 63.098387
58.846994 9.261985
70.763433 71.119673
165.856187 6.313628
24.411339 73.541890
159.850106 26.478481
298.136828 23.604292
131.314671 29.205116
161.244834 40.863682
203.070256 60.337782
17.728477 10.218578
23.269856 44.564075
238.189499 50.925428
261.636268 89.331669
266.252264 79.785451
315.197382 25.142825
195.021576 74.219904
348.937696 62.905713
3.479864 49.595704
308.443562 -7.767524
349.342319 26.294391
99.137772 66.649530
41.085853 88.965682
98.621814 64.232391
138.131084 57.163402
5.936843 19.236542
166.297264 40.472548
132.673222 8.891594
212.925773 43.192020
354.138354 45.670235
65.357095 39.536891
194.379770 45.545810
236.136106 44.963121
261.218125 55.010962
24.914583 80.131865
84.891981 59.828252
185.358223 70.699230
216.216528 74.627442
232.541333 56.767877
240.782710 75.460817
333.275151 -8.512825
100.015785 43.906832
294.879713 59.402037
311.847991 83.400974
54.714544 19.214989
332.834442 13.829384
29.440068 66.531837
35.467939 56.226908
296.105691 39.140150
29.412134 65.730510
74.293738 50.599239
273.102099 39.181043
331.848988 17.371176
333.553573 40.516209
30.124621 65.727727
50.276988 45.618708
291.459144 -3.695202
108.028226 29.986996
147.570431 18.462870
199.205616 72.518939
268.100595 50.858473
357.717146 31.052716
359.581007 51.536542
282.435047 85.815547
138.977341 80.889295
121.115966 54.810192
356.065627 78.195785
210.725486 74.802186
245.396331 73.294077
231.203465 53.262421
331.703540 17.369900
74.737100 70.717540
192.495517 55.261462
279.915628 7.213250
207.057765 86.947974
243.740678 53.244926
65.356896 73.647588
180.069021 61.926454
195.548100 32.910473
294.156222 36.375887
326.441880 63.142888
35.433818 74.027106
176.418778 52.140404
279.888483 66.620360
5.182758 54.251762
268.920105 37.610617
296.796029 26.166820
280.457348 48.912947
4.089787 41.819258
63.374318 78.119011
129.394618 3.592882
194.510285 82.155913
200.884691 41.647118
172.868573 87.139747
331.832872 17.376535
5.732208 25.259580
48.201859 80.190340
164.565712 -9.052623
176.419081 80.535787
195.782333 43.082893
327.082673 77.921985
29.592694 65.731200
29.454588 65.719626
30.787099 57.782355
32.851815 65.733197
49.406408 51.577389
55.261095 79.923509
112.546368 81.203884
328.806008 66.965829
9.731109 52.707157
61.467125 42.141011
141.102748 82.297048
264.578281 27.951261
113.242517 40.412429
260.376853 68.698356
7.710951 33.104277
85.471619 35.616195
86.753668 18.371902
121.068150 52.089521
224.347798 34.096975
26.755207 51.159739
47.941405 21.410428
113.650196 27.092167
183.581709 41.252529
76.668194 7.237922
260.036246 13.273117
73.916195 89.639812
214.796980 50.571070
261.720334 74.560955
340.116096 72.743275
122.217664 46.273669
9.578866 71.890796
219.649889 52.899866
238.905049 79.851790
243.778396 22.394103
303.416512 53.129776
4.311485 6.099532
3.728273 66.511755
17.785549 67.353000
137.151578 85.476239
100.169398 39.599355
104.207191 39.837560
201.707477 53.299253
288.473592 23.623984
337.755010 -6.409496
239.282747 9.871749
8.265204 77.036475
11.592665 46.879119
86.798386 39.183727
120.724615 46.268476
180.473921 22.903282
300.573666 47.321987
255.990505 74.569511
94.522278 89.100594
249.006117 40.252856
253.254003 53.228270
20.841027 13.635274
64.154128 82.495114
78.602721 42.697782
84.765728 40.358900
64.221187 42.271529
145.877933 15.248294
161.768528 41.649113
212.179053 61.108726
187.409591 29.637779
243.682807 68.728797
187.549008 39.297726
326.127949 27.376515
296.733202 88.597965
105.281493 42.840175
122.182375 46.271971
156.304303 50.970169
350.269194 47.800587
88.641701 88.112521
190.337806 65.132265
359.555724 48.385322
78.311271 48.521252
146.976185 63.107312
153.587030 25.044733
210.663411 80.081247
294.906688 59.385604
311.249630 29.056211
358.099653 48.427263
65.855040 73.642875
90.809187 11.781189
229.310293 60.710507
293.409985 29.913256
175.453408 73.756729
157.408081 46.554800
41.885648 13.631537
179.894530 63.938191
210.158417 48.253494
84.616786 8.289482
104.020544 61.062444
239.177159 49.375721
244.101726 55.581145
258.796780 60.800167
215.302349 57.183215
323.200208 13.655077
64.629461 68.043972
100.800133 34.843065
179.283310 85.947693
296.957218 85.245033
16.170545 52.533819
53.039826 82.014031
212.523381 32.899676
238.528470 14.742806
240.858029 25.415939
264.968341 -1.139455
206.369767 48.257332
208.286846 70.014188
354.631823 71.943091
180.367259 80.325369
124.930683 46.418450
11.058821 28.610755
142.026059 33.138926
180.231197 7.367801
277.282583 24.925418
307.406655 76.314327
244.340567 58.714185
88.954402 62.436740
91.049502 61.816015
111.664702 23.267735
183.781593 48.654296
277.206592 24.929374
91.947503 41.151057
55.632793 -6.364905
55.540663 -6.367424
61.191055 73.636141
220.708290 34.506150
222.156600 34.905800
29.791353 65.717642
33.742481 65.736254
100.159081 74.998267
107.723055 68.873182
174.689762 61.471964
282.154791 74.073683
145.364615 65.114194
165.146776 34.125386
164.466222 34.119944
166.444039 31.159722
353.078830 17.361584
191.812306 86.897469
233.593315 43.552208
298.368709 57.040502
59.832285 89.688933
34.149508 29.861878
183.759164 36.129989
234.229521 16.145073
255.835971 39.602444
283.970182 60.585561
116.178421 19.771980
225.485337 63.088503
252.138816 37.247469
84.077231 72.413100
120.934809 56.983656
199.595723 42.962508
242.599255 75.453007
258.082437 43.128643
66.094476 73.598742
249.520950 41.557991
120.292284 76.748829
150.740084 33.710235
233.631121 83.056398
152.468598 79.431969
173.432656 24.633449
50.455995 19.209679
134.218566 38.076232
197.763479 10.923986
208.064471 48.116398
60.816108 73.621375
92.171104 65.828190
136.097618 40.042772
169.273807 69.197329
205.864570 48.258210
294.138956 86.643944
54.281346 53.909060
178.387286 84.051198
204.040392 76.796824
254.760921 44.690413
273.684544 19.712730
143.933794 29.627943
208.163603 48.107924
25.619695 40.265011
210.735144 48.250911
304.541057 52.357565
113.122239 20.210156
331.761024 79.105614
121.108013 51.704725
215.921246 82.679078
107.414046 61.211556
190.335833 65.132879
202.574373 44.938180
208.322525 70.843549
64.793248 74.817725
78.892345 45.036899
123.099782 40.031193
313.843308 18.450861
207.161215 29.225715
237.918085 24.024484
150.767654 27.047072
4.119329 24.988719
26.257350 35.519047
47.779515 61.351790
202.327278 51.601860
29.977344 39.229418
40.117486 17.363136
242.541270 40.022328
344.586319 77.597835
68.095917 31.155068
66.442512 52.352912
105.407834 49.723968
107.403425 51.292606
213.177628 27.980073
312.631998 59.756316
327.341617 65.735786
93.956820 27.476419
241.668349 57.718955
245.696277 39.227950
353.822337 42.230956
179.895699 53.697918
53.508429 28.653284
208.252305 48.255018
315.794224 25.707033
266.020751 86.706553
8.831156 79.249785
76.181691 44.248701
276.676396 81.400920
239.396724 61.875546
12.271965 34.314862
29.795530 65.729842
131.644455 47.446097
278.981028 59.429377
343.971484 18.267314
29.336126 65.729843
29.277267 65.728423
226.478352 85.439464
35.809881 46.123557
276.494877 81.399114
133.794403 42.000692
149.362818 80.352518
64.688072 42.283491
113.017680 81.226502
283.649528 85.738399
333.210236 17.373806
169.702401 85.506629
13.327637 15.052445
317.997406 22.711861
185.326266 72.104722
76.510007 80.123425
113.128016 27.090578
215.093588 85.437129
102.980357 18.401927
162.840560 61.529953
172.505251 50.590036
245.494185 11.858443
339.730486 59.338813
358.437332 22.246303
27.711342 53.492984
215.979204 51.349075
107.427267 83.704714
37.890409 22.544423
191.906070 21.159954
218.558437 75.064389
349.363523 69.375184
133.139234 8.377986
12.723215 59.737791
69.695725 6.695850
219.027489 15.241712
291.353376 1.177260
47.338471 62.706069
210.051041 48.251811
273.412481 55.527620
53.121978 80.747466
78.803236 74.955232
97.258782 73.705877
142.138990 34.106098
192.416647 5.247629
24.407770 60.526915
243.637063 84.938799
149.694497 -1.660281
164.600917 31.698989
66.819948 80.781077
222.748028 89.265412
322.351083 49.228779
57.112557 22.735749
264.191227 33.223487
102.686548 45.070793
264.198122 33.222957
336.283476 34.318605
67.273949 47.724325
138.030355 70.405511
193.804139 30.061901
207.776821 48.254074
309.004598 77.958241
174.859930 50.591613
217.942256 17.238761
307.346867 75.769057
34.287212 72.745236
144.363469 39.990175
313.737824 22.283286
87.963920 30.952088
289.242939 80.180954
279.412132 78.444739
185.952403 87.636929
75.496080 4.565420
269.529903 85.398108
226.522627 73.751798
265.673639 14.701888
135.435548 47.845196
243.075971 63.614200
127.691797 79.852808
357.448263 84.723237
47.788774 61.743803
106.733580 42.747356
129.478996 65.309907
260.921384 64.233680
273.286307 61.816030
159.100628 88.172166
68.125587 10.786817
90.345828 68.265458
130.325357 72.081407
150.065016 14.955158
202.392483 29.236347
6.454432 39.068795
26.187990 65.728365
146.682348 68.762948
231.849906 28.375565
246.905947 27.094789
255.985273 68.280668
134.775801 54.433076
144.382058 49.801944
157.694482 73.793650
158.407488 73.796991
158.205070 73.796263
152.821113 73.740938
152.901016 73.741662
158.957685 73.743019
159.205873 73.743313
267.321524 34.418626
82.072468 80.656917
149.779843 -0.429435
283.361482 46.958316
294.993352 59.396211
324.968026 45.347208
34.107339 13.639661
133.374798 19.350163
176.408631 50.205421
251.713535 53.236497
121.947878 14.744431
130.083247 26.089646
208.520292 61.906510
3.458776 46.487024
132.502224 9.898164
119.456107 86.530454
2.384452 44.163749
60.762232 40.576971
156.942553 34.122392
357.092776 27.359646
182.172431 38.903189
335.081448 75.741618
81.280493 66.217056
247.945294 80.614315
60.179124 24.455055
255.400058 74.988431
98.614467 67.069255
280.199483 62.991182
24.052532 44.188846
298.342865 77.987364
29.489293 65.729204
163.630860 41.252067
218.946123 49.012535
307.446039 79.709812
318.140820 48.787096
13.237544 70.893625
21.631665 72.315270
28.991918 65.728496
29.310892 65.731656
29.481371 65.729376
31.979737 65.727879
104.167129 47.014979
185.559475 83.115497
262.996185 82.104373
288.467022 73.672384
357.108448 -9.281757
180.024869 44.388141
209.110368 42.412806
254.262993 22.388438
321.099845 19.639413
195.536219 65.933869
343.569281 82.943915
18.827383 85.747067
149.468255 16.497274
143.118550 34.103345
52.780847 57.813485
354.715717 84.297657
87.006680 88.107887
294.129721 43.055886
9.159057 46.880767
9.477020 46.879901
199.252007 42.768911
11.836913 46.881464
11.973201 46.874924
95.012047 54.761978
199.459662 42.989154
16.146849 17.357941
42.236483 9.740609
206.700529 22.458224
223.919670 51.336734
229.555409 28.794573
319.033750 24.437146
198.701855 38.899576
118.173939 86.529639
30.210608 65.716384
71.918929 27.854966
172.402874 67.544555
293.664475 87.199485
341.530080 13.631970
348.191799 89.199804
33.434969 65.604184
209.582152 42.799542
35.003999 -1.845472
127.556802 14.566363
179.325605 4.698948
237.333370 39.733578
287.493778 67.279461
42.571794 32.320806
22.244919 84.689642
250.044462 63.408565
270.678066 69.916156
7.071231 29.013241
12.804550 47.656391
37.523717 28.218036
58.654002 73.628990
243.246132 55.199483
346.266171 33.097484
49.643510 43.816428
228.262114 71.241416
269.351218 43.883698
286.705955 28.686549
326.668293 16.912816
148.417986 66.332725
179.440562 67.172257
354.944857 -1.240168
27.705984 66.122685
133.299347 74.189607
65.182416 73.628312
309.654190 83.649754
149.293455 33.706255
148.464950 83.994615
231.375213 69.574708
279.588119 60.222216
33.937255 23.564393
114.211100 7.308196
333.477295 88.657256
47.744007 -9.119468
137.530004 40.055841
113.572474 61.816266
240.232609 52.085433
250.336815 -1.111832
134.038271 50.947943
157.153779 33.315636
159.182541 4.155608
168.789589 -9.053125
271.943635 22.346100
353.038373 26.523750
113.786814 38.863401
175.122114 49.287692
141.381454 29.633754
102.959621 50.500978
175.601443 72.956419
197.885129 65.774144
238.975733 37.243483
31.015570 52.582503
9.597279 46.879253
11.707093 46.880906
32.656841 26.959753
107.060749 27.079006
117.186752 76.306820
204.303957 21.155277
218.363005 40.387459
242.820337 43.546063
283.602927 46.967073
41.145470 26.129080
165.267177 50.590171
209.076307 44.760307
6.881232 45.884733
158.369256 79.814093
246.713704 57.925649
34.369033 37.119690
131.942288 3.607205
160.133523 14.788450
166.225766 60.738083
193.711600 65.134390
199.513766 42.821665
200.389807 50.444334
228.056854 30.982791
242.708554 60.236558
141.215418 21.112126
321.930837 13.645727
124.005943 32.467134
137.217769 8.894129
236.252716 88.337439
228.651667 72.494403
340.933999 49.602134
173.412028 77.129089
42.275699 16.006712
108.282436 -2.981767
123.711259 37.670316
124.336204 63.079040
153.684693 16.186557
200.345389 61.525978
310.737463 72.344976
141.156263 36.107622
62.842562 38.099864
85.150330 3.511548
163.035957 15.101065
238.069893 66.698530
273.179557 62.008082
331.161362 48.446708
24.778683 65.713412
110.997798 70.366673
42.008048 78.226441
96.406928 61.041494
176.101000 30.068000
244.375632 47.427263
255.437831 27.498448
288.909257 47.089371
357.136796 28.077921
359.963225 17.357703
137.080404 38.051107
27.403888 65.716870
257.127803 65.734452
149.650210 81.229421
10.531209 43.377726
92.495336 30.111014
160.625927 77.396752
122.164271 89.052076
6.748631 0.534956
232.059309 36.488641
233.330643 65.042886
238.294338 69.409976
70.830970 17.430068
22.769631 77.914910
50.630020 43.423245
115.917063 31.633659
299.392793 71.280170
358.820743 73.147385
38.584544 61.675201
315.345339 85.313727
139.227925 72.281519
53.465266 24.021988
176.908330 29.245439
272.008722 19.721708
160.365078 6.835715
202.015592 40.463410
88.480169 66.077267
120.442256 -6.945991
7.380902 37.489469
210.980927 46.466946
319.989856 33.126333
194.840739 77.154127
161.011438 41.651152
236.131629 43.181488
80.317373 71.846058
283.447967 46.962186
146.581436 85.956026
264.232789 15.166466
3.775038 53.086304
26.047919 65.722945
223.736346 69.582007
241.386685 56.755150
32.635702 65.727879
119.520898 9.376295
254.467539 37.382737
82.539943 72.344157
157.125616 70.439189
330.416374 23.130209
352.920252 49.204987
3.400713 37.100944
211.922235 24.603676
295.209679 70.284004
140.063768 84.388128
92.662935 78.023538
265.893044 26.226642
23.090079 46.109201
73.070710 64.990450
246.177056 53.633097
265.429508 61.033783
42.734156 21.830370
274.705251 81.517603
128.214371 80.579358
156.324135 17.111876
331.906416 69.918919
149.023111 38.383473
89.726692 76.704823
104.217065 43.128585
148.093138 43.188335
224.194504 33.695577
336.033561 53.872303
48.046758 45.748301
326.235699 15.959616
218.013908 82.167003
232.212371 39.645066
304.001982 75.775269
343.959350 51.148637
18.919125 88.148586
105.215338 43.918317
153.333739 6.838043
186.642533 5.551352
67.357354 71.544774
143.940394 36.514058
20.187794 51.151647
22.239280 74.877142
76.072709 21.464929
206.086569 62.717342
268.225869 12.775399
299.310116 53.526635
305.758927 49.635881
29.544900 65.726900
283.694491 46.962776
29.675821 65.728914
286.445946 80.927724
295.492444 63.370062
12.799869 41.385896
40.546337 13.643966
133.071987 83.508803
193.995840 36.116605
231.954735 65.482399
261.231838 38.022355
273.643277 11.811674
21.405112 75.303948
34.777686 77.261261
208.611708 3.635168
194.501184 6.317713
226.837090 88.030326
271.878422 48.534387
180.859634 85.479129
351.780933 34.059804
203.446589 3.051461
236.885167 67.924355
238.595286 10.890437
256.649129 31.205030
262.078733 83.915983
324.762809 13.850851
164.111403 15.740500
224.562362 26.708833
288.056957 73.227208
107.855860 6.386954
33.104441 4.496831
176.935003 61.761954
238.340085 31.233114
246.394260 61.183015
215.238419 61.912202
275.477004 46.978907
31.433494 9.723965
67.023255 31.030711
148.397608 71.666503
17.939138 38.063765
204.378501 76.830186
130.835780 45.000001
231.788130 36.092927
259.219404 27.904032
11.915611 33.497744
46.654628 22.713933
193.609076 24.632039
161.751242 71.276294
313.666559 76.631852
314.371201 30.692951
134.075066 26.105861
199.706826 42.820836
284.914924 27.169190
70.607380 46.947024
280.310363 26.787250
173.579438 56.813594
210.402621 48.255467
269.332572 52.813201
29.872999 65.716283
271.784701 19.721058
29.107372 65.725992
243.166268 82.150932
245.945719 21.850224
261.684751 28.731410
4.079598 30.662958
273.519080 44.601936
199.625691 42.925935
267.475966 73.271120
288.002725 66.606056
326.947826 39.447822
269.418762 55.529327
175.902430 18.491516
201.462405 61.531563
298.335144 39.915236
75.946095 39.944088
353.182732 89.027120
187.640174 65.118666
231.695773 58.733192
272.504089 55.528555
209.576908 48.258008
257.339152 26.238957
10.840827 3.423646
171.079719 18.943126
187.889195 45.552975
265.993533 50.486653
141.732313 83.795656
262.848708 31.334672
54.879777 81.060493
77.886449 34.399181
177.800865 72.546450
286.817162 71.133659
38.332708 36.729151
135.839521 42.285329
155.330263 25.043489
204.970529 8.406273
246.829719 60.279202
60.495323 75.086215
341.614283 89.012400
202.059892 75.062051
248.882902 54.787891
258.518436 55.158725
51.292098 38.187999
123.794542 50.157789
174.462171 55.641605
238.277020 42.771221
257.997757 79.828894
105.283058 87.942738
322.439361 60.931068
329.244842 25.685546
106.898121 42.751648
326.346788 32.705122
8.228639 28.825567
33.455790 65.731279
131.081246 -9.080054
124.687557 66.298718
203.989517 53.690214
187.377723 47.879049
244.466066 27.935687
267.904321 72.850712
312.127012 29.224191
128.840993 29.617896
272.150505 22.344109
316.584549 63.733966
325.712049 12.203025
345.652140 45.326544
42.728309 58.193487
261.210230 55.023800
135.658884 45.137348
138.540269 68.768496
246.679930 43.936322
247.372805 22.839728
294.859132 47.720429
347.544025 26.048438
182.588523 48.421143
327.445993 66.954499
353.762490 49.293062
31.258497 76.181207
71.196321 55.111535
138.869985 39.468630
156.077817 52.527814
246.216802 31.688513
247.357612 83.405081
269.355055 84.171625
181.888780 36.534329
196.113311 75.084815
53.315206 8.503551
234.203434 25.856887
16.152733 46.494106
132.460554 47.209755
162.961752 19.962235
25.253215 65.724684
25.387079 65.711744
65.304812 54.092414
76.313170 25.760274
174.047532 56.815520
241.176086 42.371550
31.282251 23.552578
45.628577 85.677423
149.098297 68.782522
100.640171 42.739994
289.469810 46.945228
172.668706 58.612606
16.459696 74.936953
198.378840 45.159293
132.913138 77.121585
357.910608 19.163045
69.173545 85.337733
84.925629 79.788288
132.348237 24.168455
167.490386 22.907138
190.396530 -5.112673
265.149059 11.812798
193.444475 16.378050
220.168727 72.081064
287.536069 81.591060
263.349367 81.440910
82.093255 13.244530
229.443501 55.484098
301.403768 87.214908
295.141915 59.401356
315.161169 71.081537
15.028868 26.936076
31.745791 70.653265
229.125103 69.576989
108.056796 52.460181
108.178202 13.774295
122.391209 46.267389
334.539701 -8.533576
2.835159 25.653968
33.421880 65.728984
109.329720 13.299274
35.076142 8.207485
207.865519 81.823157
258.805860 57.509436
10.382097 63.699262
194.966799 39.689329
211.234295 54.850039
280.102340 11.789700
333.302057 76.587013
289.214073 78.426032
148.168612 41.758810
208.254040 48.260378
267.738874 60.635339
18.421004 82.899951
33.894623 45.591636
295.332802 86.966236
311.826569 85.341106
163.634896 28.417871
321.822313 62.127393
114.017139 55.584055
116.042145 39.777788
265.774524 73.683954
292.284143 32.764143
278.232082 80.700651
286.265037 34.390477
54.564871 36.340195
187.559180 57.994346
315.717651 69.830710
18.798583 41.436842
214.239802 77.152350
271.247633 81.206009
113.091550 70.795046
117.348132 54.027359
172.823327 57.995217
188.342973 70.017156
58.295939 45.762813
285.456551 -3.696249
1.243089 15.973799
286.498993 83.064329
358.211407 81.343100
7.588331 37.247980
8.425010 29.015252
159.478194 71.255528
61.864217 86.288304
61.660860 28.668758
72.851402 52.002389
265.953460 19.991880
358.699040 52.697967
156.776159 49.034259
159.644617 86.107231
314.107549 60.147611
236.315401 36.483814
251.047009 53.620663
100.482423 62.233149
274.900961 74.523724
1.100288 70.218512
54.726475 66.157646
81.971542 41.131781
122.773341 79.870096
208.016412 48.259351
167.100498 19.827481
189.131768 16.660244
323.440941 12.041661
330.092207 72.897055
58.182594 29.627394
194.187621 71.281111
202.299469 37.318526
343.304443 49.980659
8.033764 40.246626
29.644239 65.723282
61.510053 73.634939
6.435687 3.408646
26.976561 65.726144
84.107630 76.678003
329.476776 81.977778
336.210948 72.742314
340.397340 72.733003
132.466275 30.852156
177.947659 87.364375
272.750949 21.007391
92.145154 56.172298
207.721301 48.122556
265.716016 41.944069
94.764121 42.719414
21.923327 -0.641495
265.716817 66.226150
345.740559 7.673579
157.093891 12.885283
269.057647 65.816971
281.377936 38.365831
230.486778 78.419244
347.033193 42.993729
348.535588 38.286263
356.243296 65.308237
278.038338 23.206722
42.128734 32.335422
190.823464 55.257566
286.641203 47.123425
321.034893 75.633709
340.805645 61.698533
342.118139 33.504150
118.526110 44.337584
234.617349 37.674081
10.333199 29.018056
25.025750 65.722815
206.289971 15.734216
128.514674 62.683793
155.851330 26.318695
311.253761 71.090459
105.128221 16.924660
218.059814 48.234637
63.762776 7.897735
124.948383 86.892635
179.338451 34.937790
280.152949 65.000893
87.904636 38.398012
126.682315 73.332378
223.312783 26.725472
14.059050 37.492350
37.869291 25.701257
283.456083 53.947075
23.551244 60.926185
27.502405 13.634145
202.584101 66.725741
220.428723 26.723310
266.871537 48.546232
30.469501 40.657804
190.901499 83.436085
16.971432 18.263036
68.726833 23.186862
186.720879 85.418681
127.467359 72.475850
30.995990 15.994288
333.117088 89.042056
54.048444 82.514838
242.308588 32.459217
357.920475 71.051453
230.083203 78.541925
270.408287 61.808443
4.783167 15.971084
30.039430 87.374611
102.051502 35.434646
135.865147 69.159509
120.847587 73.321962
124.831831 48.611821
130.237414 42.264896
185.617901 33.730125
240.885629 54.029422
104.102135 83.506600
26.214054 44.169885
154.800210 14.785543
69.235255 1.412640
206.722350 56.023981
126.791558 57.556150
292.811267 30.323803
329.739036 55.823423
352.467223 8.183905
27.295441 70.226392
60.637799 37.552578
65.999599 64.167193
105.738721 44.313398
337.259536 70.221754
340.530537 72.311642
18.666883 82.853322
137.706737 40.056122
200.419726 48.709306
211.034696 71.682047
226.944918 59.133223
272.507571 55.523099
357.532442 54.632516
323.808042 75.486690
19.433452 32.851956
29.251799 65.726656
123.442564 31.649226
317.092117 39.886054
14.285153 -5.724108
68.582087 16.041599
80.496647 62.596454
132.548232 27.801072
168.624594 49.041159
229.682423 59.915379
315.484088 81.542196
103.949747 68.115902
84.211843 54.739078
154.754722 34.929621
193.952981 50.207551
52.876687 29.878652
73.475625 24.139736
277.857847 53.957830
345.429020 85.955271
194.798697 24.660708
204.710473 75.079075
224.669627 69.589912
127.150995 29.201688
188.445531 59.171724
291.624392 29.632970
296.112655 3.657730
150.997950 61.133018
36.112192 34.113347
118.422791 69.973124
208.007045 48.262817
332.947700 -2.844073
39.396848 54.526722
339.243737 41.827206
42.704116 15.549137
63.820796 55.636044
59.696494 39.523952
250.942726 57.528700
30.791105 39.995113
146.051948 34.515749
256.068793 58.408673
86.130170 49.714653
198.601515 3.061583
92.933737 26.642698
141.773436 51.736989
86.346500 18.822986
80.231272 84.272702
63.654833 81.106262
115.209763 70.797661
337.184385 46.874475
131.942185 55.996148
221.321825 71.671345
214.073390 89.238898
145.455247 39.831789
216.675923 67.553000
186.054967 41.660296
33.928087 2.852652
113.907680 50.919799
133.550975 43.182121
164.304342 40.079827
100.934261 32.415073
154.536808 56.809319
159.930690 70.856092
192.774045 70.441497
273.593692 63.408013
29.644731 65.724102
122.499842 45.110624
137.975439 52.116501
202.720675 23.334767
211.144954 85.475066
76.988087 26.191310
77.109961 26.192821
122.515699 46.275860
153.352463 58.141552
177.223524 50.212346
17.224661 18.450052
82.101867 73.672781
354.711858 -7.817343
149.298178 36.124723
160.417710 52.131147
355.780873 37.484038
252.260360 75.085532
167.732068 43.064453
111.856044 50.746113
182.614807 73.250125
189.237718 35.741115
261.881609 52.153806
262.931684 82.973592
149.439538 68.768853
204.311774 65.531390
90.377777 79.560648
340.398864 29.019208
64.631066 7.742694
199.637302 43.028312
261.268111 55.169430
80.032789 73.230651
111.935590 44.317522
257.709927 78.037660
296.594839 70.680524
17.019040 18.514560
149.439582 46.711700
174.506506 40.082858
52.655380 25.293911
133.274507 19.355446
190.416405 65.135467
271.564683 40.749414
322.977749 61.322324
20.653237 77.886151
269.025902 58.096931
280.021142 67.427578
87.079656 62.367895
196.234921 56.419646
216.214848 25.460740
276.260497 36.404066
9.739542 50.370480
120.916571 31.401565
127.309563 39.247210
193.320031 9.431291
238.266494 74.605737
282.195292 47.739109
139.386689 20.257705
169.140986 70.244054
44.456473 28.223721
45.544091 15.362613
78.489567 26.197433
283.074339 53.945965
342.067210 46.104300
3.327781 15.513201
58.584685 39.918282
66.315375 67.990578
206.023150 48.257005
206.903019 6.841216
36.431036 53.097548
225.886892 71.247144
250.332851 18.873963
341.154384 48.045294
74.018218 63.381180
163.172795 4.335090
220.793716 28.806939
321.143975 28.628591
76.911987 26.186769
102.056438 21.074897
192.078078 54.866461
201.809462 88.562093
292.448269 59.396499
191.214158 58.777932
260.374787 78.921314
338.956543 46.882650
129.086856 40.044397
276.445925 64.202596
291.549850 72.794121
345.693228 41.818105
221.866743 71.673963
169.716529 81.283219
251.054110 38.973629
269.556398 42.567675
123.973259 48.754348
138.332608 41.633060
351.632950 57.749697
31.969802 74.443211
254.130664 80.854778
283.213914 53.939829
110.983788 16.808480
257.195479 89.230446
21.201518 35.910908
64.523748 7.922010
149.529491 49.420094
222.779508 53.283722
241.503268 48.214007
261.286775 55.032786
294.697128 62.367087
120.820371 45.103977
130.266895 4.683852
215.258791 68.772976
336.186432 -8.520773
26.995626 89.008100
137.597620 -3.574918
196.846148 28.000224
251.320056 21.967856
261.099358 55.055983
17.142697 18.505526
156.153771 69.191385
351.072872 82.249154
202.535616 44.244856
80.501961 57.074229
130.470838 42.006350
281.407517 16.059525
283.747819 26.045030
325.561041 45.730921
105.973360 44.309643
201.470307 61.142717
356.360392 49.595752
358.231592 35.508803
135.130058 65.507957
150.991745 6.316534
155.936445 33.361001
197.693659 40.084636
26.680873 87.421774
244.280971 10.377314
243.691559 63.449028
340.551903 58.552379
349.920687 34.708223
54.505314 88.466425
111.793208 43.146298
113.253781 77.194382
219.312942 27.135437
64.503581 7.735454
87.609587 29.954670
90.423061 17.926323
28.782050 72.090127
211.895177 1.317990
249.832820 37.645628
316.031094 58.584616
137.410775 21.644194
148.459108 23.329957
162.146277 26.747955
281.202209 24.498968
287.650166 59.023304
221.402746 8.388087
302.091649 24.030322
69.463283 83.912400
72.803852 35.985867
227.591493 25.442921
1.812771 52.690655
29.290049 65.723932
61.170514 16.951064
82.259815 66.216326
128.722421 87.865943
206.295244 15.736521
24.202818 53.867398
146.167040 0.700534
73.565210 24.053403
110.779674 64.954012
148.263194 67.959165
216.407932 25.039869
313.046609 74.465945
18.665577 47.631806
51.871790 5.060019
64.649316 7.741091
178.399747 49.438264
8.365141 28.994064
69.924902 1.748333
89.834969 59.438262
224.333903 4.145189
163.682585 43.215516
337.057481 79.699626
8.251358 29.016507
64.377366 7.930409
150.388392 78.122696
183.496819 67.165844
288.231952 33.177541
61.245889 67.390830
64.692846 7.739975
312.430441 68.189337
180.993933 8.418692
288.692634 25.752881
5.273974 56.576781
238.119561 65.381206
198.050762 81.280380
202.813812 40.476479
68.088938 62.284390
127.460108 72.915990
154.045969 33.823404
207.002892 36.518081
353.302466 48.809272
279.306219 35.997940
331.001972 52.327591
346.766944 72.733319
9.345345 9.460417
40.112463 51.020656
252.208435 17.964677
332.027673 25.844122
338.526777 46.880820
156.824390 38.115538
162.487407 45.162584
29.402153 65.724216
68.839496 38.348760
273.947527 59.190720
328.498286 87.057761
18.927746 82.894372
354.270234 15.037881
26.226814 65.721111
202.183419 87.653628
29.764440 65.724748
207.539075 43.444585
302.935894 64.151340
25.274176 65.722012
32.832146 65.727094
154.270729 32.112221
201.673658 59.156115
272.577095 55.531331
277.738320 72.647405
316.684956 37.521258
320.133968 21.402955
330.643124 49.611071
29.457707 65.713922
328.582050 77.043359
221.706360 22.434973
104.420043 70.356484
253.488657 52.845968
274.310052 7.789187
125.756301 80.744337
206.242695 48.263261
221.081937 7.877654
283.325003 46.957264
359.658453 80.136039
69.777732 59.400390
133.382205 -6.223577
205.625827 21.162629
213.755272 83.095241
64.528959 7.735364
108.381989 58.308202
196.584588 27.583695
196.655435 38.117417
32.093043 8.196801
53.938181 52.727714
205.012527 81.527081
47.514112 53.119206
53.091127 58.588585
154.193704 54.464541
175.343620 27.022485
183.647829 41.656050
206.377053 48.253946
18.641453 82.905163
20.411523 34.469692
76.762680 74.089029
186.530296 37.877081
34.658468 1.476574
201.386262 49.037314
207.765639 48.151818
254.721417 37.013201
49.592545 26.142819
46.248282 42.367291
143.625709 48.638743
286.920574 37.974922
291.125105 56.273532
294.939028 59.290176
228.082404 80.691230
97.696076 70.960999
166.982989 52.144072
197.314925 42.972373
233.477688 26.282779
265.251177 48.942461
47.235914 64.944793
187.632885 57.992468
191.519642 33.938742
191.724312 83.276643
258.594617 49.733066
293.213667 57.047722
294.960965 59.397877
357.757379 39.176446
26.388861 65.718316
118.557010 23.714537
181.792018 62.336053
210.337817 84.036071
263.303283 43.119210
16.834745 23.547645
112.692556 55.583881
119.891156 58.327796
190.448940 51.767559
252.904443 68.298356
26.195006 65.137074
75.438125 62.580687
84.927169 30.208923
83.354401 73.236808
157.311234 20.724860
287.920800 81.589381
25.698286 69.395221
101.426031 36.444343
161.768089 79.016163
122.513611 85.097229
301.037884 87.666475
122.834650 17.070276
133.172772 47.840683
141.043566 43.577171
202.000571 29.241569
331.890633 17.368790
0.130670 34.706101
176.209889 31.969621
219.086794 49.013591
356.936561 88.134201
64.560423 7.739017
76.953704 26.193556
177.292862 59.554926
182.680446 51.761690
240.430481 42.771974
267.138043 89.083850
162.866421 10.434328
16.479313 77.537799
202.901130 -1.076234
328.226233 66.969863
9.915665 18.717625
71.551595 33.982186
279.543766 46.584119
292.453173 59.394683
31.493594 19.911396
110.827821 64.410241
119.447215 18.890777
124.106577 48.735151
104.321792 65.454855
271.857000 51.640370
121.476330 48.985575
205.529454 48.264238
323.728732 4.519802
155.453017 45.547774
223.593502 66.714420
62.717551 7.931916
302.624314 70.670707
75.481561 26.178931
123.676396 29.614318
254.818197 45.813449
29.386654 65.721557
117.382611 81.218268
123.362898 25.844354
126.805540 48.822709
170.154584 18.491781
199.497059 68.371246
207.911517 48.260217
227.758984 38.602248
287.552121 60.198845
29.298124 65.724341
32.995524 65.728234
75.812319 54.053887
83.303588 37.991117
101.273055 42.736537
109.339092 53.628818
117.371533 83.056145
123.997451 48.724212
144.689715 43.584850
325.909213 16.908991
15.317914 13.146281
29.370851 65.723815
87.689383 16.540877
89.910825 16.546306
151.571469 19.981339
22.569816 87.417787
197.176126 32.920999
226.222585 82.171547
292.321186 59.401913
29.535552 65.722624
110.095971 75.444308
167.253800 42.961684
195.822854 66.743025
8.285732 66.949014
212.586414 77.151593
19.718144 84.525345
215.808599 46.310456
257.736794 34.447370
273.839146 47.369066
17.851748 70.202458
155.187079 26.741960
294.519708 59.394653
304.201255 64.944568
142.175258 30.589373
214.187029 58.759508
225.127563 20.696803
0.571585 68.955830
23.900265 28.612036
32.411682 54.099507
172.873636 29.150841
96.503081 21.924431
120.301960 46.275960
134.047513 21.137309
324.481552 79.496587
249.599191 65.060469
58.482799 -1.198435
79.006047 67.431942
139.538819 71.675124
113.556197 87.635456
124.423164 48.828580
124.919683 61.887563
17.249906 18.488182
206.850568 87.650967
184.292889 74.495329
271.193856 8.634701
274.741774 76.266719
98.229123 75.724531
12.560939 12.183586
17.217126 18.499389
181.918244 15.740480
246.850210 78.511881
197.390244 42.858532
67.792555 89.398952
224.468261 61.352740
289.434799 78.875093
25.054071 65.719189
76.955449 26.190557
135.259847 72.313490
203.517799 49.026991
77.084622 26.193259
119.570672 64.803643
182.279644 74.647134
249.469975 41.584457
266.222947 37.613808
286.596022 39.157736
64.348924 7.738195
78.207660 26.188390
116.747856 72.458322
148.228925 53.679887
298.550828 67.391115
196.513779 36.547740
343.433345 46.493444
56.050635 20.986963
76.795051 26.182766
283.020539 77.558437
295.898632 57.434087
15.525689 18.482710
248.797269 84.858225
64.502045 7.922383
75.905722 26.189457
77.130705 26.183676
168.689460 63.769105
73.846698 83.120200
77.122611 26.187032
149.969618 43.206461
173.521448 63.132307
183.001343 43.220913
213.878829 77.684180
215.451526 47.475158
185.100494 57.210105
218.612774 53.291426
51.685552 20.098734
79.350057 78.886595
80.352012 72.835305
113.259924 34.467396
182.436642 63.361505
59.599368 20.558887
76.968275 26.193780
77.079319 26.182780
78.798485 26.195564
78.521007 26.195803
122.083363 72.485408
229.126873 59.918259
242.158206 75.897992
275.257776 54.743881
77.735758 75.561915
142.474904 43.051662
158.787497 80.368071
247.008789 49.358052
270.792340 24.523014
32.178498 65.727747
284.431331 57.853516
290.045769 66.484446
321.563631 76.359803
192.513966 82.381406
75.105901 26.186581
292.640470 59.395776
305.869543 7.286668
77.009454 26.190110
77.000772 26.075872
292.206065 71.527275
158.792871 67.172773
335.869535 36.472382
351.287665 47.261995
10.181921 38.679909
62.976963 7.735562
186.114393 22.202320
110.132363 81.206577
109.377826 56.352855
155.340802 28.731880
162.723317 50.980319
17.794815 85.292921
158.257068 84.091531
22.547475 19.157425
100.664712 40.772807
103.539591 19.931485
289.741608 75.016019
251.557389 69.528163
277.853991 81.392954
268.346689 54.746539
335.600407 82.887287
29.637915 31.472479
129.022692 29.207232
194.883608 27.155505
274.323573 7.774953
75.428235 26.183609
77.055572 26.186698
167.713958 50.600233
0.231125 36.299192
68.946567 22.313001
75.058114 26.186775
77.461070 36.622331
178.279726 12.029136
190.215772 56.960523
224.220397 52.347148
351.816585 58.940400
357.723260 87.989096
74.687116 71.535714
187.983793 61.927219
220.878044 64.301615
222.966003 25.455200
273.834842 41.362647
45.534865 37.130721
85.090402 64.605472
134.861435 7.869275
145.164935 35.722196
353.460493 88.025810
175.863432 63.363399
247.485009 -0.485850
289.807456 41.499475
295.902381 69.851134
339.104771 2.840663
1.076386 41.448889
48.334969 35.943070
213.255901 44.579753
180.383524 36.142588
317.577787 34.326905
354.268405 29.177388
34.458621 37.112191
210.772854 57.986928
240.208770 13.797392
309.479786 27.103026
121.116997 56.366256
149.190577 68.782267
165.673807 30.482772
221.719636 45.528573
222.423229 59.930065
334.125035 66.947942
143.509013 42.825864
322.370816 74.454135
120.101720 19.160984
149.650532 68.778079
166.313920 74.229343
192.908533 42.829092
204.459712 15.738126
251.763018 74.137545
262.226223 65.305214
35.844329 12.187464
294.748282 59.397361
359.843365 82.293446
4.945918 32.693211
57.722088 64.957441
127.066746 72.494214
234.442357 87.717541
185.764277 63.931995
307.532644 79.138698
224.661497 85.502104
100.326346 35.241459
111.828086 76.322254
321.273936 75.893373
144.404791 6.562191
355.620185 78.800244
204.058609 81.737304
137.681954 15.719008
144.981784 40.849281
149.052023 68.781906
152.127818 65.116296
226.516974 47.071136
227.919029 15.088997
266.449593 52.037753
25.319944 -1.237504
47.780095 42.635203
89.003110 41.540574
225.957658 54.220438
220.828349 87.244444
18.294136 65.715652
44.940650 78.183715
121.069163 58.334189
303.647445 57.017326
302.629457 61.357536
115.792861 78.967383
180.645835 59.572038
201.688374 56.811124
238.094770 78.505335
352.279629 53.953320
77.240986 26.191771
121.820552 72.476833
148.288588 79.457306
147.644417 59.548351
158.604413 12.406962
194.086179 71.603686
75.509116 36.690352
79.629519 59.037130
271.007417 44.662511
152.845360 86.565933
347.864760 84.717752
12.420820 42.983218
89.413274 45.048244
183.951519 27.998995
322.077537 66.130659
66.357635 37.160749
161.463198 53.310866
344.319144 25.234334
195.889270 82.681010
129.130286 19.934958
77.072968 26.194754
133.842541 83.221575
144.980854 79.000865
184.509825 60.748430
53.965193 61.352731
180.535849 9.207991
192.600863 -3.557326
10.606780 87.145141
207.959537 48.255753
352.827567 34.699631
33.880637 8.705883
184.560320 72.964928
203.533476 49.042434
77.119763 26.190321
24.801394 89.491459
289.941888 84.859025
296.668896 11.744791
29.641079 65.722580
59.324060 58.995154
66.563502 71.523670
77.100655 26.188013
116.056104 49.369586
121.589701 39.255769
77.102048 26.186937
113.073537 31.220899
131.092510 19.804946
164.028396 19.393086
174.966372 43.843685
205.555192 48.265598
238.369438 74.183677
254.989046 83.971947
29.359428 65.721449
221.113117 88.240391
292.140520 21.000525
332.187852 42.215029
66.763998 20.124837
134.914773 18.457251
77.075663 26.192343
77.086792 26.193347
203.297329 49.038980
75.406515 25.999515
77.080928 26.194612
91.267206 57.734469
105.927699 21.088167
133.954411 30.450424
182.272167 70.442327
359.811595 29.426758
25.934954 53.239353
75.988575 26.186058
184.539557 10.444980
43.225846 12.686762
144.322033 5.775389
247.938347 4.437606
216.250347 51.860727
226.876197 66.707861
233.660674 44.506507
273.935831 27.039259
167.017614 56.039002
202.651169 -3.554520
223.633405 31.431228
65.042467 49.268661
196.604909 65.929020
193.354819 65.855431
196.812316 65.929974
196.924215 65.928938
197.952438 65.938553
193.595906 65.854815
198.034308 65.936782
197.629118 65.867198
197.532487 65.962828
354.873678 62.482350
10.334063 21.210758
15.673867 11.854909
76.329901 63.381835
122.846068 21.985697
164.882778 47.486699
357.068715 14.562685
344.138539 35.907422
19.752605 82.596072
153.769586 37.707892
205.512591 48.247682
238.693752 55.596379
241.150813 36.215663
276.026246 45.036979
180.415361 43.607292
232.205902 80.331212
247.588062 52.469503
111.037083 55.512531
190.062159 65.140624
12.819238 49.199739
237.308654 37.572476
245.700557 60.283748
256.547225 55.578141
332.128621 19.635877
137.254585 11.145305
153.240704 66.338371
186.595189 22.638872
141.476408 83.246893
277.128660 81.394725
283.524476 46.962616
307.843868 57.801607
9.079249 44.160803
336.968454 51.662157
190.357579 65.129502
242.659524 50.076327
42.885552 51.172500
130.192205 20.693901
48.296582 74.464893
186.278490 42.439708
222.966530 46.300169
267.305168 13.744212
289.232292 77.543563
197.310530 43.004758
219.452390 37.528815
254.367726 40.389902
193.615844 59.567028
210.165777 63.984722
22.688939 49.212977
82.532434 52.015838
257.236118 75.257112
96.449509 84.301751
323.483305 76.176240
173.876393 74.664264
77.332931 30.346914
289.876829 42.437125
319.957910 11.250839
342.920789 50.367550
190.425176 65.140215
17.184298 18.412590
29.637979 65.722457
33.960366 65.726156
197.938199 87.182944
5.196315 0.315899
190.493570 41.661073
197.326648 43.607324
332.889257 69.806774
336.701767 68.149832
228.514699 86.850359
189.744462 10.412178
201.927801 47.871084
215.500448 16.041809
220.773696 45.529530
162.090472 89.425799
134.414322 39.267199
249.679945 43.929644
18.089643 3.413878
25.358390 65.718642
26.875722 65.715732
315.576394 27.384371
308.061618 88.149409
7.155951 28.858772
25.416722 65.718924
345.296445 12.652823
25.027150 65.717721
103.854696 33.644710
66.140146 57.827131
31.794485 16.155248
143.877354 9.704952
203.975569 30.471585
245.060657 54.016927
76.951679 32.783025
213.079767 22.454349
168.528064 85.003937
25.700372 13.151617
53.273241 49.414771
119.379511 -8.351209
177.590081 33.735342
23.277808 76.414110
151.445137 83.582119
233.106573 19.348944
246.051709 32.854280
10.841418 28.188178
109.353904 42.754031
58.944810 24.461727
199.154893 -0.429308
33.585209 64.303626
82.162636 53.562164
270.531831 89.621439
12.962040 57.373598
61.484142 26.991296
48.297369 88.338993
48.056427 78.272341
125.661756 54.829600
255.708027 36.447012
287.001745 81.595983
151.469520 45.543747
251.021714 73.727930
337.623991 1.678266
155.123065 44.386869
222.904898 76.927192
329.982016 19.917330
158.292548 20.281362
245.685353 31.630142
281.506236 1.765288
299.208842 74.918889
143.565230 81.669601
327.019510 59.336490
45.032394 73.605956
294.119942 53.916806
211.733163 88.397098
45.890296 20.087578
48.429656 33.133047
72.030141 39.902802
25.680300 65.720180
29.755684 65.721845
56.346777 58.597401
295.029252 53.915957
35.924351 23.020275
337.556201 9.207668
2.711687 86.668852
72.405583 34.788588
73.594949 63.376810
313.978423 50.786891
19.526291 88.409567
177.646956 79.475985
176.064598 30.004664
187.644592 76.394062
227.302258 57.964869
337.379601 25.853326
218.720990 25.277775
336.637192 50.776991
143.418606 60.462204
188.118676 38.124884
199.550435 43.053381
223.636853 78.547458
149.358979 68.783881
177.106636 56.455578
199.240181 81.281231
222.482239 62.306989
321.536125 6.647530
6.884288 19.335268
241.931408 27.114106
198.689588 81.282187
245.859936 17.964900
282.918309 73.665143
347.195241 38.284013
96.817517 56.716540
140.115687 43.198832
265.046262 -0.541330
132.974124 57.191121
19.755922 12.659999
25.676854 65.717498
117.238887 54.129058
168.810444 61.937692
186.356997 60.357391
287.578667 35.320080
38.228677 89.727356
90.408513 24.090873
95.019398 75.854198
103.712420 57.520158
186.067650 42.054556
189.812126 25.487112
201.485061 56.814642
2.145798 33.894328
233.476599 12.176972
334.372123 71.976112
69.036432 29.084095
122.011721 34.962866
268.910320 49.097869
328.064856 -9.258370
17.336598 18.706415
32.048702 70.838853
35.669656 40.650362
29.636709 23.125267
289.804506 88.325599
252.583138 36.260696
293.627866 21.442218
138.289912 20.257564
122.618355 54.795799
219.359865 73.786667
0.607989 64.095141
23.117317 52.717412
130.834319 49.507225
336.443047 -6.507188
173.532795 21.604309
235.915666 10.077195
137.405575 61.909949
201.947782 52.533975
251.962424 78.051830
264.099916 21.504767
94.427013 50.100367
152.694628 24.630581
232.029746 7.976749
246.757017 77.623528
85.125140 55.915122
287.551661 25.754632
311.122285 16.468364
83.386077 45.049804
2.185791 77.901149
270.873166 28.304946
83.008217 24.497520
114.260563 38.444872
184.026256 20.286940
249.717099 57.127750
77.020436 26.190599
246.331745 45.486824
331.684495 17.364870
50.669359 32.322034
270.094467 82.000103
135.776084 17.539220
204.572406 73.757064
77.049539 26.192017
27.091891 74.241478
33.645043 89.517766
45.155365 22.251230
52.493572 22.292225
118.060697 56.238806
171.827772 47.880012
323.078689 48.443117
34.081560 41.021044
106.664938 61.856155
292.515565 59.399648
308.760708 56.238817
181.859766 48.987021
305.880427 56.236235
311.204723 29.055126
47.020147 33.937966
79.200825 55.699785
85.883452 49.304093
101.126340 80.645125
121.960731 66.280241
290.922323 68.630506
37.574648 26.544940
119.635589 14.272108
314.454167 24.005755
40.294056 87.478640
29.542856 65.720653
181.345893 16.639346
206.581938 48.265834
225.579469 45.126818
289.003568 75.802370
143.864669 86.054085
17.103416 18.262225
24.867805 65.703817
31.730615 44.606879
33.418423 65.723887
265.395327 43.897624
51.300052 55.627143
164.172272 -5.496450
225.175212 46.299707
227.582277 86.421359
307.299002 -0.600688
313.817600 86.238061
269.203653 72.828279
350.885242 21.963055
70.660932 31.134001
118.782647 23.299803
169.557170 32.359345
173.529695 87.878708
241.181909 31.030353
271.042701 59.449817
311.389266 29.053892
174.074099 85.320652
175.864912 37.725852
187.292023 20.734622
207.148721 56.540098
236.119084 20.805663
256.758494 54.768235
296.168562 13.204905
3.533690 6.618481
74.412778 -7.034499
133.634618 73.328905
165.067291 41.839948
208.888321 56.021368
172.466158 46.726483
339.659034 50.748383
19.905178 40.245836
35.297591 14.586327
99.241680 81.176367
117.860244 15.218309
238.749079 43.549442
283.474988 46.964416
68.806969 44.445022
311.161932 29.052039
24.058644 62.506704
165.335710 49.920755
33.244529 2.277042
101.791939 52.448345
175.572474 48.280609
201.252244 58.387023
111.121653 38.049878
201.352546 69.617866
210.329437 18.929850
215.702466 39.674490
264.181458 82.554090
346.998637 53.078596
54.430265 33.542250
66.149378 41.094373
7.537886 2.831440
207.920798 48.266209
228.369364 46.267847
309.125058 56.225398
25.598439 66.122280
239.480311 73.372055
139.366178 40.059696
145.490167 -4.585875
333.413455 71.455044
62.963404 70.692317
101.680254 74.975490
357.477479 22.243095
181.296197 62.337271
236.823325 68.743512
328.695074 74.444709
160.217301 9.936472
68.591634 76.226884
142.826236 83.305240
308.016218 73.613500
322.080512 66.971788
12.333000 43.652754
80.210031 89.021709
132.577145 47.848053
187.374618 88.231328
54.424816 12.222200
235.544415 7.022993
29.219500 65.716953
29.476062 65.589788
32.962683 65.724083
230.191977 75.496758
302.502225 67.797901
308.583060 84.163905
127.943902 51.651712
356.925817 84.939707
179.320388 53.698938
300.838269 -8.479554
305.649757 7.712991
327.647418 63.712604
24.682797 65.704084
153.321560 46.292774
337.974329 33.095120
7.872436 -7.795670
92.904069 52.819785
6.135922 84.188719
199.509726 42.995851
243.659026 53.431845
311.220731 29.054086
53.733494 42.604074
149.303229 44.768813
138.058255 87.358091
155.566319 65.551107
153.943759 23.970681
35.361299 87.170907
328.182849 80.973306
122.243494 46.682048
207.991203 48.116052
208.403293 11.923722
264.770399 50.817512
288.965693 36.380047
338.845385 29.022758
157.538245 37.325298
275.937025 39.568888
345.127945 46.096972
98.173480 42.279616
190.550464 65.144051
30.918205 85.252979
34.051079 9.555405
81.922926 70.312319
222.089463 6.294230
248.565744 37.251264
139.145894 11.373996
248.795996 66.261080
331.719929 17.358958
124.599210 1.285864
143.494912 36.919171
197.278355 66.758976
199.476500 43.006300
330.122211 22.252967
317.417309 89.002247
50.769237 26.135971
303.391440 61.749133
15.322932 18.712278
17.977930 33.747905
138.398402 46.695128
359.330521 85.584383
212.829289 44.761383
318.883878 10.720889
33.537330 65.725995
57.574069 12.225791
329.974503 17.364357
70.300683 8.767535
69.581343 60.983678
234.829184 33.742924
241.591794 44.201210
30.844808 30.657366
41.055170 14.592832
54.141398 32.330719
189.993355 51.130453
184.506799 25.491331
195.264465 3.640478
272.554573 68.261444
27.476156 28.811011
56.500009 57.805247
204.434119 56.813971
273.487604 63.394746
281.696617 77.556584
176.947460 32.123263
270.412761 50.872121
208.258483 73.794786
226.466876 5.217083
94.784539 35.633392
208.170785 48.117403
216.767723 25.223474
276.868536 67.830070
181.302672 86.895291
285.559232 83.478266
267.898336 40.379282
315.054366 74.456035
10.703075 85.740702
51.433160 65.747743
56.690267 74.893737
192.043007 29.665218
186.088346 87.098988
256.382831 69.536382
261.545240 15.172427
20.182712 51.145837
66.973992 67.805884
85.368684 82.536324
139.404649 31.276200
216.801024 25.138844
219.142295 50.694966
255.460466 65.051902
330.050864 22.248792
65.326645 33.817251
80.948283 72.909996
283.589432 46.963827
89.263985 63.810065
206.429063 43.997012
266.564194 38.803339
195.056437 52.930627
259.759759 71.184589
297.975822 26.991373
31.367457 4.520656
227.070257 53.660760
29.403369 65.721989
81.830454 88.796508
106.363881 -2.987184
191.349368 59.167399
357.862408 42.432966
29.632604 65.719701
188.816687 67.977520
222.344543 27.931754
261.845506 31.593116
285.389252 46.961149
37.741429 28.623202
53.966831 50.150908
285.843623 53.940420
122.005089 55.600722
324.671623 22.694192
345.284410 85.804962
302.068530 13.187386
340.917167 71.677688
346.118747 46.871716
24.807454 46.489220
91.396782 76.393287
157.155772 81.512833
10.717144 70.387356
89.340346 42.256799
144.305475 20.268670
214.634170 25.214355
217.296516 66.601336
43.380576 89.366183
134.499785 8.897935
338.036575 82.454202
123.433029 36.485930
169.387892 12.732882
268.210423 67.449094
94.454745 47.774626
182.677778 51.379479
301.023134 50.030989
34.912809 52.709670
182.913619 75.959790
191.096798 80.341921
263.890334 85.417667
272.737154 42.333979
9.990843 80.794985
21.456393 32.826371
113.762467 72.139602
289.588393 42.279061
119.385040 66.706712
152.928759 44.381871
199.701541 43.019073
254.542405 13.291172
296.732906 56.258420
50.825624 49.597205
56.627782 40.942668
29.405591 65.719782
337.042234 44.935799
358.663982 43.372496
25.244834 65.716568
160.055697 40.087186
280.284489 53.944785
127.908218 86.775035
283.508472 46.958609
6.034748 63.682377
234.551854 80.879516
287.029429 79.740868
120.878156 49.764992
189.209606 57.996965
283.546903 46.962470
46.218717 85.274671
164.302376 30.484428
213.907613 71.405887
248.875695 74.160583
283.559466 46.963775
72.213028 32.368699
262.882309 45.447834
307.374582 65.749965
59.125921 37.783008
251.398699 17.046431
245.032960 26.248288
285.974788 9.283935
143.310831 24.010917
208.050089 48.259326
31.955458 55.823470
147.862001 38.503576
203.104422 31.275079
216.834684 23.324765
281.561594 40.730516
141.997173 11.913645
168.306359 74.226449
45.332920 76.282353
254.556385 72.034912
122.687877 23.481991
282.656825 56.200988
186.609986 89.733298
73.809159 63.379125
121.346071 13.802861
39.988866 31.271890
101.392450 61.834111
21.406739 82.455778
305.680560 61.353955
75.820164 21.023382
104.976099 16.120750
277.107765 82.982530
268.304959 84.433274
331.589639 45.708617
183.149173 8.089833
319.644554 79.966243
199.762877 43.021960
280.508447 55.513112
232.408514 79.433765
257.760489 52.841698
36.842288 32.712658
227.508516 35.706640
292.553998 28.258000
202.635278 48.910927
65.925675 38.350898
266.775926 48.571331
314.509116 20.530678
179.122218 7.379788
313.364500 58.961711
4.303131 51.524638
35.833669 34.308775
71.650380 87.237993
216.380423 2.095761
267.828553 49.715589
260.035239 69.809481
166.902327 21.169657
177.868062 70.709115
260.929511 66.918379
281.827226 60.596060
294.460574 -2.432852
71.757856 70.288133
210.589725 87.385302
7.835407 15.033316
117.756385 67.523136
216.557227 25.425485
147.273547 59.163537
149.737436 60.609193
261.464732 55.163104
108.363846 38.039529
285.278473 64.319279
235.009215 66.138307
82.918462 87.004054
294.805678 59.399754
310.012174 72.922502
161.726379 56.820214
15.672818 70.064106
17.244336 18.454968
21.866544 37.894932
44.477229 38.709982
230.570411 62.688535
266.201723 71.348482
277.662184 35.608436
185.083101 54.614542
189.755140 17.130370
63.195745 55.627829
187.681594 65.143028
84.056808 27.449837
207.819866 48.124076
333.001585 24.401825
1.687578 52.118400
13.884415 40.639193
205.054723 52.918811
316.692103 9.726860
255.519828 50.900645
267.096215 69.923989
5.348143 68.143736
144.890571 39.288964
333.509226 31.469916
64.309962 82.494422
151.297827 62.303630
150.802442 36.548428
32.388231 68.980604
227.558104 70.414350
352.726881 76.902601
265.631022 24.708456
340.340001 26.272217
43.438466 13.006224
108.510827 49.352088
222.728892 87.877572
276.372123 18.340605
282.363503 77.994230
162.527936 80.330418
352.088589 68.964999
19.004512 18.526795
29.542692 65.720623
216.738164 64.718120
298.061890 58.921697
90.903315 58.275910
104.467719 23.683138
86.823952 39.045588
130.459348 4.955086
139.113621 32.497655
155.786888 84.523411
202.641668 48.838007
234.636943 46.287752
53.825357 43.815594
248.181529 80.497446
89.058028 44.008612
160.451532 69.517042
241.643171 35.463466
331.190734 33.506552
144.142863 83.573627
338.408166 46.876467
142.271374 52.521654
142.408121 19.824138
101.351687 83.684215
50.573035 27.811690
148.853535 38.271862
19.043626 18.710214
66.532470 52.376442
246.293848 14.732896
206.290656 39.298011
174.674167 41.141819
190.684477 30.072314
42.167216 80.104525
278.054214 59.579140
281.498914 59.532908
216.026242 25.281942
239.230214 50.539502
5.345102 55.794950
253.825386 80.825309
125.500411 44.883766
134.639833 73.356859
249.312593 55.964955
35.829918 51.707110
130.830174 64.141177
190.329567 65.140891
25.608378 42.052568
83.316986 46.977233
353.323479 73.564449
26.842647 65.717540
65.066825 48.878553
91.610215 53.201382
101.774149 23.684273
122.621757 46.281921
49.481581 50.010711
32.888282 28.850397
61.487565 43.829144
72.765003 10.015475
132.838689 83.087482
232.855816 -2.311897
38.693860 26.124612
120.073351 42.382738
242.256935 32.462869
256.821290 74.136870
295.233888 52.755912
350.837521 40.270642
353.248763 40.244984
117.380320 23.714861
232.138335 41.800897
326.659352 33.942015
5.625369 51.523121
17.268284 18.517080
142.978585 43.105526
186.008354 56.430285
41.062372 74.659427
223.948408 54.215131
267.982376 71.777412
46.514657 79.275449
134.756800 27.718422
207.108431 39.683081
314.659362 13.171727
117.142077 39.955719
128.664857 34.096195
141.156554 45.936699
190.473678 65.144468
223.288528 25.033671
316.428646 8.210977
239.974389 57.553017
256.114086 68.298380
321.901705 45.090681
33.876753 46.112036
304.947175 28.749343
15.833839 81.964502
99.141575 82.120670
158.427608 45.159479
23.153457 26.290790
270.688157 78.969109
94.503157 82.125106
250.591686 52.463154
353.385389 40.235761
246.975836 82.579805
320.996300 87.432159
343.582112 11.254949
29.041012 65.715941
189.913505 15.278493
272.525426 55.530284
352.126047 40.535050
154.754773 19.977558
323.032245 12.673005
17.209731 63.695618
75.688639 58.104012
288.674529 82.530092
303.907975 30.705859
17.499091 13.619144
30.069486 25.679380
65.440149 24.617409
135.062095 75.061118
7.964877 14.556894
43.758378 5.046040
136.822366 81.248928
354.313257 23.941774
73.792828 63.379668
207.250776 58.405006
281.209931 60.213019
274.148065 34.010841
295.786436 7.732575
197.526314 43.201497
260.656779 36.039960
356.833025 70.192706
188.891706 87.413230
74.946575 37.974334
125.014200 46.670505
256.053084 66.919944
309.349175 29.044332
248.884199 68.716282
313.149104 29.049679
124.020398 30.849031
216.346937 11.446066
315.525276 68.583413
20.960950 31.495888
261.568059 55.169181
320.338488 46.896305
134.280530 72.928594
131.029853 43.970761
161.927428 38.911657
173.125069 51.117087
191.764646 35.204302
332.852413 34.284338
5.078862 89.095150
320.533361 86.372160
205.558031 20.280815
262.453124 73.266374
275.530180 81.343649
33.122867 70.627952
112.771392 1.842243
199.621142 43.008687
208.594634 60.740658
188.675021 62.329644
257.815735 52.445030
284.211323 37.182882
48.615690 26.701354
257.218922 40.393106
195.063961 32.127250
211.075645 60.866839
357.651703 35.893121
37.302165 42.881972
130.768585 50.180060
130.766921 50.177647
224.823664 -3.578657
346.856887 86.127394
201.884066 39.301287
109.840081 30.972395
132.052265 37.297099
171.770063 38.681822
251.319820 38.046827
311.269302 74.018287
206.150537 75.519472
119.052791 76.185545
166.602632 17.219237
247.901880 25.837229
193.146271 42.831534
233.734579 47.056828
277.772217 20.153535
343.146416 35.506243
66.667381 42.610127
143.292561 55.247968
270.495720 19.892105
25.903616 74.849019
162.100849 12.411869
174.325397 41.270234
318.293551 72.749632
122.317902 49.779776
294.578278 82.941158
331.387539 60.521732
113.056956 7.835718
144.184661 44.593971
152.793498 11.439850
64.393604 86.979313
328.039693 42.215717
23.322281 51.525461
245.746723 61.871925
239.668001 21.538943
273.970710 36.810943
33.123971 49.991922
77.160229 82.061825
225.603319 39.665014
199.681929 42.828440
274.595381 63.006389
108.741088 50.521068
94.619357 55.547233
167.184689 68.804227
260.636964 13.279220
15.304326 21.339006
32.924772 65.723968
120.590139 49.773249
133.272282 47.853025
152.011862 48.652685
39.191612 31.899536
52.087260 34.841977
80.785446 80.234559
164.391164 12.667517
235.916509 74.191329
308.972310 56.236570
122.346921 46.275669
41.172343 14.119188
130.677701 19.803620
162.426160 44.396643
190.158145 65.147245
334.244992 66.936379
48.370757 44.201146
163.480966 42.439947
221.929490 18.466460
338.515837 46.866922
41.352581 53.494026
271.733291 83.465640
271.921128 7.784641
316.017212 40.669127
18.992137 20.499290
175.903479 40.092710
294.685598 59.381933
267.951183 34.826423
134.012611 51.739469
163.807192 53.478260
265.433201 68.825027
29.373938 65.718168
103.801701 40.787714
274.809297 52.412348
61.462590 44.474220
110.923281 74.591216
223.837135 54.202516
266.829820 47.383542
224.532186 55.483652
91.629697 82.087778
323.557303 75.059052
27.949920 30.827900
40.314833 46.503533
65.212965 66.174701
354.045556 84.939223
223.637731 54.269189
152.116734 42.820311
191.841491 1.909449
87.055506 89.505055
19.206411 20.617328
40.922430 85.141479
63.810271 71.724144
68.956611 79.314578
117.943714 78.523866
234.952291 67.927216
355.310052 19.815412
29.692336 65.714074
46.144490 13.391890
294.735453 59.400579
28.754952 65.715743
39.688710 42.611714
274.889448 16.989801
25.682885 80.589251
30.996216 51.541720
111.042969 74.588859
265.834821 85.858912
0.604288 58.137660
69.760187 26.577426
255.968534 69.530822
257.889865 47.016625
77.921721 45.797578
154.989483 66.748582
68.743652 88.503628
255.962722 60.263896
262.392083 85.372105
291.811011 7.736519
330.623725 84.308032
175.142090 59.964488
198.663376 19.687041
279.678668 45.029097
312.550445 86.740358
338.825220 3.389871
192.072636 87.710553
81.979772 60.218999
264.021851 47.004083
21.824440 45.322927
298.059014 80.204470
2.841201 16.414800
211.244410 81.512319
223.131371 83.798596
166.126823 34.943004
169.689913 60.745456
255.060309 36.452176
89.010883 66.633259
231.582111 25.674352
278.893261 55.500449
29.093313 65.705123
29.550356 65.705316
245.750508 21.107954
340.596474 41.812006
146.464046 39.532799
294.176123 -6.355631
18.511194 72.722893
114.103911 47.819388
152.190485 13.847566
160.137707 33.330567
245.337898 26.272803
35.369614 74.014664
82.090463 43.857916
49.898937 3.434665
59.316918 5.069775
179.332784 86.470601
19.178769 20.497292
9.636589 75.279461
89.299346 63.812913
281.413831 24.063230
290.047442 48.085042
19.175247 20.492219
76.979692 63.783878
76.736744 88.559816
37.075367 48.564635
96.570370 45.938580
294.660320 59.397573
308.448662 53.511853
315.331321 24.002082
341.384462 30.679333
8.554585 59.711991
181.605308 74.420272
192.738394 38.120987
210.047777 24.632208
54.716917 78.584526
78.959427 83.691191
19.208778 20.501187
159.403073 57.466785
235.800678 70.816321
245.339200 26.266988
247.580138 61.464134
321.634233 44.067434
79.613858 61.403893
80.504932 34.803159
265.015862 36.824390
279.726264 57.064533
346.524287 34.294625
100.490047 38.028913
29.521724 65.716439
96.370007 61.441129
107.077508 40.653937
120.320191 25.310776
31.276914 89.378345
133.421296 33.699924
198.015218 58.787654
240.877959 67.915264
246.590632 28.766277
263.015054 55.552916
279.691453 71.904399
29.679421 74.872172
73.679421 69.883872
113.406559 30.229528
88.178353 37.999463
257.715839 54.001035
264.819357 78.034689
118.005952 61.317091
106.033930 38.392932
277.869318 33.598063
46.247406 13.188082
98.814673 74.565230
25.744430 65.712124
282.657209 27.860120
350.508288 53.075001
12.881434 26.518422
29.519899 65.714531
199.851855 42.840691
284.706060 38.765020
78.529795 -2.407645
274.915509 73.968849
122.113228 64.282211
23.098611 63.510830
207.373783 50.196997
188.806211 82.116892
94.695172 17.017943
19.143997 20.498014
78.326515 35.597813
356.562083 89.727421
123.039946 48.798785
11.619901 80.135093
26.801650 31.070717
322.031930 62.903680
19.345664 20.498241
44.659645 50.390592
343.495009 89.688844
293.552936 74.906113
357.880762 73.438209
18.685643 85.259975
279.030770 74.096591
46.727108 77.490636
67.043920 2.900537
121.182529 65.486926
90.775407 1.795898
131.536512 32.486841
331.696860 17.354248
46.260648 13.632984
46.247965 13.371426
331.049920 32.296280
268.091943 84.249469
5.920109 15.495948
70.283010 0.601093
154.893730 34.937715
169.550589 26.338705
208.414046 46.330536
7.930051 53.956245
201.748820 39.311663
222.693750 12.384212
225.706222 18.920185
264.245818 25.698114
29.769592 65.715791
92.047805 86.782810
201.628839 49.040954
136.980125 38.491420
225.449591 68.781232
255.356562 23.688746
269.810240 87.945635
344.895755 48.800598
103.269164 85.688585
347.272022 48.800542
354.270273 2.822305
308.513142 78.828668
1.902703 6.613951
189.486923 44.537669
93.487003 80.718575
347.279554 48.801791
347.371846 48.801484
92.468302 18.836232
166.276296 35.178576
237.339786 79.878909
347.368345 48.799599
347.417700 48.750774
349.801676 48.800090
56.992589 35.154207
347.093768 48.805912
347.306448 48.801931
349.864640 48.684141
15.722315 52.474440
89.360237 85.141150
111.520578 29.994742
152.671976 27.166769
218.864270 25.298838
259.779783 41.172428
328.568903 81.057909
347.494485 48.801916
347.178418 48.800276
4.178168 46.332813
7.764852 85.257413
313.224073 87.723521
347.251492 48.802254
179.726584 65.550286
223.566208 19.604492
323.434626 60.525518
283.551335 46.955368
347.194589 48.791439
10.387818 20.930862
87.465293 81.418549
302.684445 86.488530
350.202715 48.798762
143.597833 63.517678
189.037854 25.071127
254.921362 63.044192
347.251487 48.800397
347.378028 48.799727
72.458145 12.740796
197.302067 24.215328
244.007250 62.660983
245.356493 50.792291
320.195685 81.065128
347.284373 48.801257
349.887926 48.798199
14.175927 31.667660
42.796378 44.968313
46.960312 86.807595
108.661135 36.858142
140.608016 63.112208
217.531112 20.272751
294.748392 60.185761
347.049646 48.799052
347.020833 48.675874
347.326306 48.801228
347.235425 48.799666
349.386792 48.800102
163.736694 81.752953
246.686065 85.409066
347.221879 48.805701
347.336493 48.802132
347.314745 48.799290
347.326687 48.801650
347.081928 48.792859
347.202749 48.792477
13.286405 53.994951
37.174924 41.259653
63.754234 20.989972
241.236116 80.118905
270.380996 52.796308
173.183962 37.339747
178.752165 27.180556
344.592803 48.686272
347.334019 48.800805
347.321321 48.669016
347.171035 48.801705
347.384249 48.803675
70.915871 27.725299
347.344490 48.665684
347.163382 48.801101
18.862960 18.712059
70.500282 63.360694
202.842089 21.605280
347.282890 48.799555
347.376697 48.806028
347.061052 48.795512
349.717313 48.800097
114.608258 39.632831
336.246312 79.689513
344.725224 48.799124
347.245835 48.800173
349.803548 48.798329
90.322251 41.149314
347.158966 48.800273
347.424082 48.802633
347.411964 48.797852
349.988458 48.801038
16.655243 77.023653
57.608010 71.497939
277.266361 1.205144
344.902853 48.803290
347.242947 48.800760
347.427420 48.812864
347.013638 48.800648
347.125391 48.792130
347.321576 48.795731
349.789326 48.796965
223.137282 50.187552
222.496076 64.710319
303.284831 30.713028
306.087160 57.402385
322.463147 87.160774
320.602122 36.719761
347.534218 48.800745
347.187457 48.799199
347.199485 48.800134
347.228786 48.799902
347.314965 48.802194
103.202779 8.329912
241.372445 31.220241
347.350477 48.799547
349.913257 48.801295
95.224470 53.986917
123.224427 62.459881
328.257937 46.105843
344.777954 48.803116
347.039366 48.798529
81.814429 24.165544
131.177832 73.772039
28.941579 85.656890
225.119462 72.073154
253.775555 65.803493
347.339904 48.799285
347.301576 48.798659
27.413509 3.426114
147.839391 12.406178
344.875378 48.801071
345.014948 48.793169
347.151779 48.804207
347.216640 48.803279
347.007393 48.791545
347.203556 48.793797
131.300147 34.504394
188.411091 3.076930
344.722814 48.662948
347.505878 48.801038
347.426406 48.800107
71.283944 70.293031
75.407613 48.892171
119.647068 77.491075
168.391516 31.454219
288.263425 55.109065
347.403791 48.802122
347.225094 48.676660
349.041011 48.804895
95.896154 58.677057
137.515437 41.236879
347.488856 48.795342
349.751772 48.803052
25.259404 65.699946
25.810004 65.706851
334.856840 8.696387
347.481879 48.801796
347.529735 48.800942
347.299431 48.798990
348.268634 48.799285
349.435507 48.797304
43.792560 33.522486
142.897515 76.672166
301.918338 79.924854
318.365015 5.040289
321.827514 35.122104
347.344684 48.675189
347.522372 48.805942
347.118866 48.801515
347.132189 48.798735
347.175822 48.797463
347.148010 48.667613
347.265684 48.804530
347.247121 48.763615
63.215122 29.077015
110.021803 8.686694
347.210905 48.799736
344.973507 48.798143
347.091928 48.801763
347.304608 48.798319
347.258173 48.797755
50.846773 60.156648
347.149764 48.799770
349.633912 48.798780
227.654010 30.876928
283.364794 46.957494
347.274390 48.803577
347.506489 48.796748
347.468811 48.795778
28.617034 33.907686
254.273564 89.187757
234.150713 34.899287
282.031708 22.785874
338.492118 48.999946
344.700807 48.788152
349.792010 48.800566
353.267945 26.513978
139.455765 22.885062
210.261424 36.526677
311.514120 71.914159
345.364589 48.802659
344.881432 48.794220
344.990553 48.796367
347.162288 48.799466
347.287467 48.799797
347.491422 48.800000
347.519759 48.798393
347.234713 48.800452
347.203821 48.797695
347.234786 48.796858
347.492568 48.790790
11.435392 52.409919
192.604752 87.847993
347.271557 48.799491
347.301286 48.802858
347.220473 48.805938
347.299033 48.796557
347.173038 48.791130
208.038091 48.116251
258.373916 10.346829
344.793935 48.791991
347.291684 48.813161
345.646429 48.793502
347.121639 48.799495
347.340767 48.798687
347.385465 48.806133
347.289657 48.800534
347.256923 48.791999
349.577668 48.802362
82.552485 75.823689
347.080943 48.809612
347.246970 48.801077
347.110205 48.802270
347.112286 48.802953
347.242357 48.799778
347.360971 48.799806
151.476529 36.134009
224.658436 26.465947
296.725704 64.559648
318.246839 69.819635
347.084312 48.801763
347.366815 48.800147
20.878909 20.496967
122.350580 46.405609
349.823228 48.799030
135.192518 87.872774
128.652685 79.739987
189.791277 78.587298
195.497245 0.770181
279.771846 52.566696
300.468076 59.403939
341.931943 42.591567
344.894287 48.791840
347.223997 48.807992
343.495411 83.984151
347.223987 48.699189
347.553230 6.083286
20.968129 20.528640
141.436808 36.520378
153.052367 14.798616
176.302090 35.346848
347.199444 48.803822
347.259139 48.798642
347.518359 48.796370
247.018495 87.064475
235.292745 33.284158
344.830704 48.801947
345.361681 48.800971
326.299445 30.916383
347.374316 48.792920
347.097787 48.798787
347.324361 48.799884
347.477191 48.672304
347.476688 48.806018
13.057251 52.541396
43.574177 88.803128
279.327332 34.709500
347.103754 48.801542
17.711624 20.494097
322.836106 62.909497
344.423919 48.800351
344.260537 48.791073
347.215790 48.798055
347.305132 48.804468
347.376230 48.805408
18.491794 31.053908
25.160727 65.695993
198.677669 59.021004
221.086925 -4.862284
251.665600 10.323589
347.459863 48.803857
347.068269 48.790332
4.118395 32.277252
19.132273 20.491882
133.248970 46.818159
232.534240 41.615861
347.320913 48.798585
347.319104 48.805360
347.165651 48.671972
248.324039 63.276961
345.132026 48.798996
347.361453 48.797108
70.840905 21.012100
347.112438 48.799216
347.122345 48.798588
347.292158 48.795107
347.249913 48.784498
322.629040 62.116979
347.351406 48.801139
347.366035 48.800004
347.359864 48.666409
349.781298 48.681779
354.104911 14.084109
265.575781 57.491630
347.354850 48.674491
347.292065 48.805497
347.098714 48.799143
13.381233 9.196124
339.222412 48.973983
344.852354 48.792525
347.321522 48.629459
347.292086 48.805883
347.165597 48.797112
26.171624 24.408985
126.926850 47.067826
157.674545 21.328719
344.811611 48.796653
347.441926 48.803153
347.188742 48.803481
347.229528 48.634854
58.517255 43.819933
66.952222 16.039135
205.557754 13.370004
331.586521 17.358216
344.990032 48.795055
347.212091 48.799604
347.276511 48.805414
347.461576 48.790607
347.245703 48.800519
347.501040 48.796010
347.078495 48.795240
189.415500 34.941568
347.348728 48.798232
347.179909 48.676550
139.158930 52.914115
249.207223 38.838879
344.722370 48.801711
1.445318 -1.290421
76.838280 51.619995
347.304833 48.799145
347.461777 48.796101
33.148658 65.717799
79.431920 61.397091
86.330240 37.596086
347.134433 48.792277
195.909382 82.425664
112.429668 6.777462
347.055007 48.800067
347.211680 48.807358
347.280289 48.803487
334.779112 64.099377
114.750248 40.416585
129.745579 24.603578
347.216773 48.792270
347.357843 48.792368
345.138780 48.794146
349.689234 48.801738
344.945637 48.798749
67.528028 11.758505
331.615847 17.353415
344.735248 48.797838
347.369982 48.803777
347.242762 48.797006
11.369973 51.134539
0.128852 57.226440
1.480659 23.955411
245.651194 5.192797
223.166784 41.611059
138.868394 26.046619
146.281913 38.900736
75.706477 58.633860
104.510135 70.115576
147.096972 43.604198
152.628727 31.301040
17.063509 53.847187
323.610688 83.076600
329.080558 -5.070399
338.237246 68.966400
292.963514 74.924577
306.212630 72.857447
235.307701 27.390036
244.542812 10.382750
185.822563 37.305387
218.026308 77.685101
141.209031 50.451049
225.311343 54.227583
347.233619 48.789414
336.158793 46.103485
347.368259 48.799307
147.580315 35.677259
347.149699 48.802561
17.819511 77.896433
200.138524 85.844845
52.791737 50.006915
195.303372 44.786679
149.361877 67.013282
89.121550 80.353383
236.960813 14.281095
204.403927 45.161232
117.547492 69.563138
123.581860 41.714403
239.090468 28.786322
108.718529 8.849670
311.046921 88.538349
181.340670 45.704351
188.031641 27.137428
261.405250 62.634965
347.031747 48.790446
347.320297 48.799608
347.329374 48.798422
137.215909 36.112500
193.815896 65.545987
203.394973 54.093257
305.843943 15.244718
317.674100 11.718596
344.881474 48.791241
33.218389 65.719622
48.112937 62.695598
317.181455 87.434074
202.507767 33.332984
107.071755 11.226078
141.599583 24.623740
237.314653 30.854507
243.882016 80.865325
108.114293 26.260379
140.502560 65.208261
197.298501 70.438820
212.169183 51.369623
230.406972 42.008757
137.799211 27.565877
353.520654 11.770788
13.002242 54.624495
204.608562 55.473081
355.256351 33.340748
50.303248 55.840613
284.338347 76.679473
224.878683 87.633372
158.245209 70.034400
260.433193 75.424091
303.161311 54.278998
248.703807 27.934483
9.862745 20.904942
75.929918 59.814366
29.565955 19.611528
161.471221 48.818337
126.630004 64.292186
197.349370 35.345703
219.805648 41.246979
324.453560 31.474777
92.588678 41.153420
123.371396 34.893558
130.719712 52.505601
285.145226 46.950766
351.038941 7.504429
47.810279 41.438306
187.521230 71.630047
206.671800 60.353708
251.592322 23.697148
35.594142 45.333792
124.855958 47.840458
247.941327 7.836784
313.819121 34.516389
347.170532 48.802236
208.279542 75.840012
131.843415 8.168752
171.275470 6.341471
1.948518 48.026569
17.327655 40.237903
43.035056 74.885896
321.003321 40.256192
347.418808 48.798979
347.126611 48.788914
90.972051 55.926408
347.019922 48.795771
344.569849 48.791925
347.380433 48.803359
116.319954 35.279893
142.419852 39.296118
187.064278 67.985407
322.305261 27.368508
200.769549 64.336929
217.443058 11.916919
256.216446 62.953023
310.404549 6.945645
345.023073 48.790074
107.613595 47.021521
347.466353 48.800599
290.378223 82.758898
301.445912 31.122899
331.856983 17.354111
347.318366 48.801748
347.264866 48.804017
347.298062 48.801847
347.299098 48.802251
358.799559 66.108660
179.252106 72.324566
274.368785 67.450843
307.809879 85.227125
344.737005 48.799146
42.727830 43.793937
299.273668 76.321541
347.245839 48.797844
337.979551 14.270183
108.872542 21.959587
300.986706 58.051596
329.206242 49.488300
197.466235 34.140778
194.699096 49.726621
303.709199 53.119785
354.655049 31.880572
75.894232 75.944075
148.607074 -4.847507
213.568321 27.570547
148.396939 46.323384
278.203329 76.648396
27.438008 85.262305
87.616548 74.126119
347.349196 48.798414
226.586807 7.873060
234.815378 34.896601
347.350645 48.789059
180.147635 45.561436
192.674583 3.095468
347.463850 48.796821
2.963815 60.110463
50.774737 56.622872
151.873880 53.701554
192.241511 40.881332
347.149180 48.797957
347.030061 48.795273
347.251146 48.788845
37.941880 74.874464
122.920289 72.483253
129.229282 48.627364
301.887542 20.098226
41.835077 68.163333
127.458944 51.725031
325.147011 62.510519
98.921682 83.493168
205.861134 38.789988
222.032420 14.299044
222.616892 86.562670
44.017080 5.944505
19.207406 20.633209
187.609294 72.667454
289.967909 53.151194
347.185222 48.798804
347.312292 48.798093
96.233453 38.807126
176.044181 44.793202
216.189056 38.505861
255.153017 69.121988
33.133719 37.899505
125.741884 76.776765
359.297722 89.743815
164.677058 22.916985
262.946985 64.632291
347.419051 48.801969
326.750028 83.030421
342.476703 42.172644
347.156106 48.798265
347.112487 48.795955
353.743944 22.666523
155.479239 61.122765
346.647742 65.294863
25.150662 51.914829
92.959577 61.038775
215.006015 25.474801
267.178492 57.879031
283.942552 62.583850
304.377388 43.021642
17.083698 54.623909
57.852470 43.419799
101.632259 74.136040
178.136282 25.505787
280.116506 47.463238
130.411924 83.778423
337.837560 -9.279202
356.978353 -5.762007
137.647981 14.774142
259.475389 28.331857
303.041455 84.814752
345.153375 48.796813
11.052227 51.905326
71.465140 84.385538
124.959232 28.793802
129.384529 64.300845
254.050221 61.459020
347.094541 48.686305
25.663282 77.897265
143.577637 62.749701
166.184497 47.521599
347.088636 48.739602
350.049256 48.797570
66.779653 52.740231
147.114736 44.766088
165.007989 77.682418
277.175403 62.340172
279.269108 70.872372
347.261103 48.794077
16.150849 34.298211
20.889441 29.427930
274.240724 31.553113
37.091599 64.800172
190.623884 11.931544
16.929459 18.256753
46.912735 2.869983
113.977985 61.592101
190.433066 65.152721
238.758605 88.029143
329.121189 10.210801
348.246929 14.557833
25.462954 65.698992
27.487836 79.693519
152.264843 62.590307
263.877851 29.559918
343.540312 8.175024
130.893735 0.440830
135.400897 32.801952
151.546942 85.971435
192.250428 45.168544
203.536577 5.248675
213.337009 47.875409
219.165077 50.570757
2.204496 54.229013
98.337805 46.625608
183.744005 -5.491100
273.199385 62.210043
287.736145 74.917879
326.111407 35.118736
327.574173 55.771573
301.330461 82.176883
347.485785 48.801311
102.321869 55.301484
63.972185 81.317031
312.876053 64.933562
126.875154 43.429092
218.856433 25.447250
290.450761 86.272971
328.530744 53.783948
344.624733 48.796194
347.410113 48.798001
190.541297 45.565671
347.278478 48.796251
132.614457 11.444639
150.526272 49.433093
185.895760 23.359231
307.011753 53.897027
344.466686 48.793973
345.831681 48.798528
345.185330 48.800774
18.375414 28.181255
114.881386 26.694132
349.309096 48.796294
349.558200 48.795238
1.762140 22.658433
209.647846 45.159377
269.550346 64.089119
331.685200 17.332985
347.046482 48.797283
347.135127 48.799188
347.509495 48.800179
238.958019 89.089832
20.323296 18.704653
31.087465 68.572526
47.255633 26.552517
81.918193 55.129288
113.491946 62.079043
264.806939 70.359320
345.048422 48.794547
347.149722 48.801173
345.708735 48.787548
347.457272 48.801777
81.371539 66.633733
109.757559 89.373863
35.862257 59.904565
208.180828 48.096639
283.557445 21.025179
69.121074 85.122587
213.950384 41.252870
229.880292 35.308142
324.113028 6.645424
162.418612 88.222066
130.275484 84.037583
145.178149 88.329317
150.325868 59.016352
30.310131 74.930558
30.503174 74.937720
305.379134 80.183291
347.161958 48.676768
347.330608 48.801521
29.590891 65.626871
29.411548 65.720890
146.659756 34.687278
254.528632 -3.626329
313.033124 29.045215
23.705704 17.807395
29.668832 75.024211
118.566421 58.730927
136.754004 34.918886
216.071472 65.517675
347.394744 48.789261
349.572822 48.796420
53.522321 55.835268
135.048246 61.519612
344.201055 28.176503
26.893690 55.420448
63.849950 -2.444414
162.266648 79.769773
8.389664 29.004937
10.342630 9.191397
73.814630 66.508018
234.084602 12.848772
340.441666 35.501805
106.958105 40.396197
111.807389 52.856589
347.224085 48.789765
349.434271 46.477287
248.497368 48.201790
325.752720 44.938813
344.593091 48.792522
347.163868 48.797185
50.685373 25.371688
57.156699 -9.228648
330.373467 23.394527
174.690260 16.213081
347.248248 48.797403
102.299456 87.285980
131.291673 18.459020
214.324263 56.414446
337.582088 31.073679
347.171780 48.797463
349.718899 48.797154
118.236310 65.888141
244.977465 25.421592
257.123278 59.479920
344.666238 48.794995
53.976177 54.923182
305.456202 73.940369
281.079081 46.957446
347.389868 48.798414
19.151838 20.496127
330.186616 17.357670
22.535119 64.092068
25.950609 44.159640
29.908116 74.861091
229.840125 67.928975
309.144234 56.438975
5.502882 63.018277
19.372361 20.490856
122.151966 72.475255
347.227273 48.798761
30.085233 74.861423
328.553798 11.236508
234.354946 86.571917
347.119452 48.794559
192.543805 20.605198
206.151335 53.204285
245.838288 37.266426
77.978458 61.657985
80.525088 10.016907
99.079291 46.627336
186.349422 28.433523
72.185402 37.566845
22.220573 77.463786
24.427832 44.546433
329.090611 29.841074
19.083291 20.492795
213.898594 6.845193
328.559913 74.417768
54.575265 79.284911
344.855835 48.673492
347.489716 48.792528
179.292250 -6.173015
344.826023 48.795242
347.506410 48.788986
17.981601 67.315790
87.113040 76.599308
291.910759 12.247700
345.476118 48.793332
71.873330 82.497323
177.641856 27.182183
347.478136 48.798423
347.236932 48.795642
347.358044 48.801455
347.623789 48.787293
347.317414 48.800865
347.357877 48.796337
347.380615 48.796546
347.377570 48.792843
347.514840 48.793829
209.473435 76.514394
234.160084 87.505443
204.155409 75.504718
236.316707 42.008061
287.690408 74.940238
347.271816 48.796267
347.097423 48.802497
347.479675 48.797810
339.619831 30.654184
344.962869 48.789697
347.432407 48.801064
347.225299 48.796436
347.352234 48.791294
351.590842 82.865165
26.259062 70.630286
65.406905 77.536311
83.819073 37.991218
130.242004 70.002236
242.468751 42.775513
296.969808 5.014531
344.696598 48.671105
349.563305 48.794555
29.362911 65.700380
347.506928 48.798199
250.990344 38.046300
273.563265 36.006508
344.546774 48.797473
345.146569 48.794912
78.869136 61.401252
133.637879 26.311029
184.780081 48.674198
199.737271 57.613390
226.218804 51.627045
347.464573 48.796904
30.153341 22.240909
120.718728 8.370354
1.499140 88.946120
317.889615 1.687039
347.334713 48.793479
123.360293 60.695568
158.215085 80.989444
347.338037 48.797451
347.542365 48.793774
33.390925 43.379527
61.591526 8.239261
347.372740 48.795028
347.342915 48.792383
57.754899 43.422737
73.137662 32.366467
95.146926 21.066037
347.382471 48.797400
347.432321 48.671104
344.557647 48.795875
61.612106 57.815487
327.231685 24.828526
347.238692 48.800901
299.364193 24.891106
331.801025 17.358746
344.589958 48.789756
347.210757 48.674635
347.286536 48.696207
347.166726 48.795137
108.154260 -2.971017
333.261292 17.355570
344.919702 48.666096
347.244738 48.796700
347.022637 48.789925
347.002207 48.789639
349.745493 48.796711
11.569117 82.450146
347.192256 48.799564
347.265434 48.798999
37.860235 17.366526
88.992623 38.400153
272.038527 42.247531
66.642824 62.564654
71.227691 17.222043
41.261249 22.694785
109.916456 44.708658
177.613999 49.841293
347.483417 48.793256
345.187571 73.269718
4.745206 21.331780
5.094611 86.196792
301.305267 49.627644
347.322609 48.671405
71.736752 27.845906
44.175963 49.909347
79.336610 82.513896
23.569642 7.665418
149.971201 25.904537
245.220348 57.533383
283.225653 53.941772
282.932117 53.943600
40.002567 21.810603
67.459481 20.999283
117.626200 58.728437
347.240699 48.803107
103.972215 30.404604
298.430305 62.155749
41.466717 65.729485
184.025331 81.132889
220.512372 65.523861
327.682746 19.608165
335.989448 52.694282
347.411918 48.795222
236.008579 39.598292
131.242902 83.221916
11.964130 73.982438
0.271133 42.575410
51.032238 33.094364
72.273244 13.698483
220.939391 70.001661
190.867625 57.223070
230.534422 28.805406
339.361437 30.810798
347.314793 48.803877
7.329052 22.661630
347.500890 48.795436
347.268159 48.792848
32.673332 53.089149
72.181862 81.984384
282.931792 53.944961
347.060494 48.787445
35.915375 52.705510
78.947670 19.685573
345.127617 48.795624
349.928425 48.795322
73.984312 63.374031
251.889316 6.050919
347.227681 48.796269
347.086741 48.671434
347.282964 48.796512
312.208116 60.929109
347.419798 48.799256
347.076497 48.795786
347.584601 48.791653
349.596987 48.795028
175.719281 20.301376
228.252114 36.873139
188.289744 55.277910
261.558578 80.694479
330.746887 73.044650
337.068606 78.791406
347.499869 48.800055
347.276529 48.797283
14.259792 86.692539
347.269661 48.796575
347.405514 48.794698
349.160611 48.803418
5.351810 64.232847
86.198856 55.913504
193.260672 53.325981
347.470580 48.688279
41.340437 77.886718
347.404156 48.793084
347.289980 48.804743
347.282753 48.663767
347.458114 48.682172
347.338331 48.797846
347.406436 48.796314
30.016419 69.388014
88.894458 45.775596
125.365557 30.035137
347.402546 48.801998
347.138616 48.801651
347.277991 48.787075
347.592974 48.848329
141.386477 22.461951
243.640892 27.111860
344.906413 48.649214
347.434516 48.795282
135.968921 80.359345
290.516592 84.788974
347.365115 48.795706
20.837440 34.454763
347.389270 48.798095
87.628211 88.924181
1.826447 51.676262
246.615205 21.653234
345.248935 48.800955
32.910956 26.939718
132.894044 82.379647
145.594344 25.895062
347.306061 48.803103
86.197682 63.796426
347.300261 48.800175
122.974946 59.126646
344.697933 48.803563
307.951409 74.465918
347.341713 48.786538
136.152069 36.623629
298.804201 48.751844
347.477752 48.795474
355.747432 21.356554
94.866033 14.026975
285.365458 44.245669
43.765290 21.393003
345.167553 48.791484
347.399018 48.787575
344.860159 48.789776
349.611730 48.794708
200.659346 36.540873
279.833506 0.025330
329.823481 17.352062
347.523167 48.796094
13.274552 13.603455
188.277701 54.715892
205.429697 58.002307
347.250904 48.795583
347.243305 48.795548
56.874012 29.881251
137.421361 43.195762
51.545009 2.559037
89.690589 56.930035
235.119706 69.579732
257.981401 57.901070
300.845964 58.206135
327.321177 81.685777
331.847517 17.356193
23.309414 74.870106
133.056051 87.954013
347.368350 48.794976
347.373586 48.635514
2.441128 34.691877
209.476610 48.275222
358.139733 89.779237
344.766041 48.788205
203.773114 25.488867
282.267307 38.265471
181.082285 83.284290
1.325580 31.878330
60.812224 65.764210
64.316455 26.989215
131.915619 65.108843
143.157859 68.357266
219.888956 60.734004
