# n(z) fit from CHIME catalogue using z = DM_corr_ne2001/1000
# model=lognormal shape=0.68853915 loc=0 scale=0.48250426
# columns: z pdf_nz
2.48559045e-02 2.17995981e-03
3.13501982e-02 6.97641387e-03
3.78444919e-02 1.64857947e-02
4.43387856e-02 3.20734497e-02
5.08330793e-02 5.45920619e-02
5.73273730e-02 8.43636648e-02
6.38216666e-02 1.21252206e-01
7.03159603e-02 1.64770716e-01
7.68102540e-02 2.14190693e-01
8.33045477e-02 2.68638179e-01
8.97988414e-02 3.27171037e-01
9.62931351e-02 3.88837214e-01
1.02787429e-01 4.52716195e-01
1.09281722e-01 5.17946649e-01
1.15776016e-01 5.83743297e-01
1.22270310e-01 6.49405689e-01
1.28764604e-01 7.14321123e-01
1.35258897e-01 7.77963466e-01
1.41753191e-01 8.39889265e-01
1.48247485e-01 8.99732142e-01
1.54741778e-01 9.57196241e-01
1.61236072e-01 1.01204926e+00
1.67730366e-01 1.06411546e+00
1.74224659e-01 1.11326880e+00
1.80718953e-01 1.15942659e+00
1.87213247e-01 1.20254344e+00
1.93707540e-01 1.24260582e+00
2.00201834e-01 1.27962713e+00
2.06696128e-01 1.31364330e+00
2.13190421e-01 1.34470881e+00
2.19684715e-01 1.37289328e+00
2.26179009e-01 1.39827844e+00
2.32673302e-01 1.42095548e+00
2.39167596e-01 1.44102280e+00
2.45661890e-01 1.45858404e+00
2.52156184e-01 1.47374641e+00
2.58650477e-01 1.48661928e+00
2.65144771e-01 1.49731298e+00
2.71639065e-01 1.50593778e+00
2.78133358e-01 1.51260310e+00
2.84627652e-01 1.51741678e+00
2.91121946e-01 1.52048456e+00
2.97616239e-01 1.52190961e+00
3.04110533e-01 1.52179220e+00
3.10604827e-01 1.52022940e+00
3.17099120e-01 1.51731494e+00
3.23593414e-01 1.51313901e+00
3.30087708e-01 1.50778819e+00
3.36582001e-01 1.50134544e+00
3.43076295e-01 1.49389001e+00
3.49570589e-01 1.48549755e+00
3.56064883e-01 1.47624007e+00
3.62559176e-01 1.46618605e+00
3.69053470e-01 1.45540049e+00
3.75547764e-01 1.44394501e+00
3.82042057e-01 1.43187797e+00
3.88536351e-01 1.41925451e+00
3.95030645e-01 1.40612675e+00
4.01524938e-01 1.39254382e+00
4.08019232e-01 1.37855204e+00
4.14513526e-01 1.36419498e+00
4.21007819e-01 1.34951364e+00
4.27502113e-01 1.33454651e+00
4.33996407e-01 1.31932972e+00
4.40490700e-01 1.30389714e+00
4.46984994e-01 1.28828049e+00
4.53479288e-01 1.27250943e+00
4.59973582e-01 1.25661170e+00
4.66467875e-01 1.24061319e+00
4.72962169e-01 1.22453804e+00
4.79456463e-01 1.20840874e+00
4.85950756e-01 1.19224624e+00
4.92445050e-01 1.17606998e+00
4.98939344e-01 1.15989802e+00
5.05433637e-01 1.14374711e+00
5.11927931e-01 1.12763275e+00
5.18422225e-01 1.11156925e+00
5.24916518e-01 1.09556986e+00
5.31410812e-01 1.07964676e+00
5.37905106e-01 1.06381115e+00
5.44399399e-01 1.04807331e+00
5.50893693e-01 1.03244269e+00
5.57387987e-01 1.01692788e+00
5.63882281e-01 1.00153674e+00
5.70376574e-01 9.86276394e-01
5.76870868e-01 9.71153313e-01
5.83365162e-01 9.56173328e-01
5.89859455e-01 9.41341682e-01
5.96353749e-01 9.26663068e-01
6.02848043e-01 9.12141662e-01
6.09342336e-01 8.97781157e-01
6.15836630e-01 8.83584796e-01
6.22330924e-01 8.69555398e-01
6.28825217e-01 8.55695392e-01
6.35319511e-01 8.42006839e-01
6.41813805e-01 8.28491457e-01
6.48308098e-01 8.15150647e-01
6.54802392e-01 8.01985514e-01
6.61296686e-01 7.88996888e-01
6.67790980e-01 7.76185342e-01
6.74285273e-01 7.63551213e-01
6.80779567e-01 7.51094618e-01
6.87273861e-01 7.38815469e-01
6.93768154e-01 7.26713493e-01
7.00262448e-01 7.14788240e-01
7.06756742e-01 7.03039101e-01
7.13251035e-01 6.91465320e-01
7.19745329e-01 6.80066004e-01
7.26239623e-01 6.68840136e-01
7.32733916e-01 6.57786586e-01
7.39228210e-01 6.46904118e-01
7.45722504e-01 6.36191402e-01
7.52216797e-01 6.25647022e-01
7.58711091e-01 6.15269483e-01
7.65205385e-01 6.05057220e-01
7.71699678e-01 5.95008602e-01
7.78193972e-01 5.85121945e-01
7.84688266e-01 5.75395510e-01
7.91182560e-01 5.65827516e-01
7.97676853e-01 5.56416141e-01
8.04171147e-01 5.47159527e-01
8.10665441e-01 5.38055789e-01
8.17159734e-01 5.29103013e-01
8.23654028e-01 5.20299267e-01
8.30148322e-01 5.11642598e-01
8.36642615e-01 5.03131040e-01
8.43136909e-01 4.94762617e-01
8.49631203e-01 4.86535345e-01
8.56125496e-01 4.78447232e-01
8.62619790e-01 4.70496288e-01
8.69114084e-01 4.62680519e-01
8.75608377e-01 4.54997936e-01
8.82102671e-01 4.47446552e-01
8.88596965e-01 4.40024388e-01
8.95091259e-01 4.32729472e-01
9.01585552e-01 4.25559842e-01
9.08079846e-01 4.18513546e-01
9.14574140e-01 4.11588645e-01
9.21068433e-01 4.04783215e-01
9.27562727e-01 3.98095345e-01
9.34057021e-01 3.91523139e-01
9.40551314e-01 3.85064721e-01
9.47045608e-01 3.78718229e-01
9.53539902e-01 3.72481821e-01
9.60034195e-01 3.66353674e-01
9.66528489e-01 3.60331985e-01
9.73022783e-01 3.54414971e-01
9.79517076e-01 3.48600868e-01
9.86011370e-01 3.42887935e-01
9.92505664e-01 3.37274451e-01
9.98999958e-01 3.31758719e-01
1.00549425e+00 3.26339062e-01
1.01198854e+00 3.21013825e-01
1.01848284e+00 3.15781377e-01
1.02497713e+00 3.10640109e-01
1.03147143e+00 3.05588433e-01
1.03796572e+00 3.00624786e-01
1.04446001e+00 2.95747626e-01
1.05095431e+00 2.90955436e-01
1.05744860e+00 2.86246719e-01
1.06394289e+00 2.81620002e-01
1.07043719e+00 2.77073836e-01
1.07693148e+00 2.72606791e-01
1.08342578e+00 2.68217463e-01
1.08992007e+00 2.63904469e-01
1.09641436e+00 2.59666448e-01
1.10290866e+00 2.55502060e-01
1.10940295e+00 2.51409989e-01
1.11589724e+00 2.47388940e-01
1.12239154e+00 2.43437638e-01
1.12888583e+00 2.39554831e-01
1.13538012e+00 2.35739287e-01
1.14187442e+00 2.31989797e-01
1.14836871e+00 2.28305169e-01
1.15486301e+00 2.24684234e-01
1.16135730e+00 2.21125844e-01
1.16785159e+00 2.17628867e-01
1.17434589e+00 2.14192195e-01
1.18084018e+00 2.10814737e-01
1.18733447e+00 2.07495422e-01
1.19382877e+00 2.04233197e-01
1.20032306e+00 2.01027029e-01
1.20681736e+00 1.97875902e-01
1.21331165e+00 1.94778820e-01
1.21980594e+00 1.91734803e-01
1.22630024e+00 1.88742889e-01
1.23279453e+00 1.85802134e-01
1.23928882e+00 1.82911611e-01
1.24578312e+00 1.80070409e-01
1.25227741e+00 1.77277634e-01
1.25877171e+00 1.74532410e-01
1.26526600e+00 1.71833873e-01
1.27176029e+00 1.69181180e-01
1.27825459e+00 1.66573498e-01
1.28474888e+00 1.64010014e-01
1.29124317e+00 1.61489926e-01
1.29773747e+00 1.59012451e-01
1.30423176e+00 1.56576817e-01
1.31072605e+00 1.54182267e-01
1.31722035e+00 1.51828060e-01
1.32371464e+00 1.49513466e-01
1.33020894e+00 1.47237771e-01
1.33670323e+00 1.45000272e-01
1.34319752e+00 1.42800281e-01
1.34969182e+00 1.40637121e-01
1.35618611e+00 1.38510130e-01
1.36268040e+00 1.36418656e-01
1.36917470e+00 1.34362061e-01
1.37566899e+00 1.32339717e-01
1.38216329e+00 1.30351010e-01
1.38865758e+00 1.28395336e-01
1.39515187e+00 1.26472102e-01
1.40164617e+00 1.24580728e-01
1.40814046e+00 1.22720642e-01
1.41463475e+00 1.20891285e-01
1.42112905e+00 1.19092109e-01
1.42762334e+00 1.17322573e-01
1.43411763e+00 1.15582149e-01
1.44061193e+00 1.13870319e-01
1.44710622e+00 1.12186573e-01
1.45360052e+00 1.10530412e-01
1.46009481e+00 1.08901344e-01
1.46658910e+00 1.07298890e-01
1.47308340e+00 1.05722578e-01
1.47957769e+00 1.04171943e-01
1.48607198e+00 1.02646531e-01
1.49256628e+00 1.01145897e-01
1.49906057e+00 9.96696031e-02
1.50555487e+00 9.82172193e-02
1.51204916e+00 9.67883245e-02
1.51854345e+00 9.53825050e-02
1.52503775e+00 9.39993552e-02
1.53153204e+00 9.26384767e-02
1.53802633e+00 9.12994789e-02
1.54452063e+00 8.99819782e-02
1.55101492e+00 8.86855984e-02
1.55750921e+00 8.74099700e-02
1.56400351e+00 8.61547308e-02
1.57049780e+00 8.49195251e-02
1.57699210e+00 8.37040038e-02
1.58348639e+00 8.25078243e-02
1.58998068e+00 8.13306506e-02
1.59647498e+00 8.01721527e-02
1.60296927e+00 7.90320068e-02
1.60946356e+00 7.79098951e-02
1.61595786e+00 7.68055057e-02
1.62245215e+00 7.57185325e-02
1.62894645e+00 7.46486752e-02
1.63544074e+00 7.35956387e-02
1.64193503e+00 7.25591336e-02
1.64842933e+00 7.15388759e-02
1.65492362e+00 7.05345867e-02
1.66141791e+00 6.95459924e-02
1.66791221e+00 6.85728241e-02
1.67440650e+00 6.76148184e-02
1.68090079e+00 6.66717161e-02
1.68739509e+00 6.57432633e-02
1.69388938e+00 6.48292106e-02
1.70038368e+00 6.39293129e-02
1.70687797e+00 6.30433300e-02
1.71337226e+00 6.21710258e-02
1.71986656e+00 6.13121687e-02
1.72636085e+00 6.04665312e-02
1.73285514e+00 5.96338901e-02
1.73934944e+00 5.88140260e-02
1.74584373e+00 5.80067238e-02
1.75233803e+00 5.72117722e-02
1.75883232e+00 5.64289636e-02
1.76532661e+00 5.56580944e-02
1.77182091e+00 5.48989645e-02
1.77831520e+00 5.41513775e-02
1.78480949e+00 5.34151406e-02
1.79130379e+00 5.26900645e-02
1.79779808e+00 5.19759631e-02
1.80429237e+00 5.12726539e-02
1.81078667e+00 5.05799576e-02
1.81728096e+00 4.98976981e-02
1.82377526e+00 4.92257025e-02
1.83026955e+00 4.85638009e-02
1.83676384e+00 4.79118267e-02
1.84325814e+00 4.72696160e-02
1.84975243e+00 4.66370079e-02
1.85624672e+00 4.60138446e-02
1.86274102e+00 4.53999707e-02
1.86923531e+00 4.47952340e-02
1.87572961e+00 4.41994848e-02
1.88222390e+00 4.36125759e-02
1.88871819e+00 4.30343631e-02
1.89521249e+00 4.24647044e-02
1.90170678e+00 4.19034604e-02
1.90820107e+00 4.13504945e-02
1.91469537e+00 4.08056720e-02
1.92118966e+00 4.02688608e-02
1.92768395e+00 3.97399313e-02
1.93417825e+00 3.92187560e-02
1.94067254e+00 3.87052095e-02
1.94716684e+00 3.81991690e-02
1.95366113e+00 3.77005134e-02
1.96015542e+00 3.72091241e-02
1.96664972e+00 3.67248843e-02
1.97314401e+00 3.62476795e-02
1.97963830e+00 3.57773968e-02
1.98613260e+00 3.53139258e-02
1.99262689e+00 3.48571576e-02
1.99912119e+00 3.44069853e-02
2.00561548e+00 3.39633040e-02
2.01210977e+00 3.35260104e-02
2.01860407e+00 3.30950031e-02
2.02509836e+00 3.26701826e-02
2.03159265e+00 3.22514507e-02
2.03808695e+00 3.18387114e-02
2.04458124e+00 3.14318700e-02
2.05107553e+00 3.10308335e-02
2.05756983e+00 3.06355106e-02
2.06406412e+00 3.02458115e-02
2.07055842e+00 2.98616479e-02
2.07705271e+00 2.94829331e-02
2.08354700e+00 2.91095818e-02
2.09004130e+00 2.87415103e-02
2.09653559e+00 2.83786360e-02
2.10302988e+00 2.80208780e-02
2.10952418e+00 2.76681568e-02
2.11601847e+00 2.73203940e-02
2.12251277e+00 2.69775128e-02
2.12900706e+00 2.66394374e-02
2.13550135e+00 2.63060937e-02
2.14199565e+00 2.59774083e-02
2.14848994e+00 2.56533096e-02
2.15498423e+00 2.53337268e-02
2.16147853e+00 2.50185905e-02
2.16797282e+00 2.47078324e-02
2.17446711e+00 2.44013853e-02
2.18096141e+00 2.40991832e-02
2.18745570e+00 2.38011612e-02
2.19395000e+00 2.35072554e-02
2.20044429e+00 2.32174031e-02
2.20693858e+00 2.29315424e-02
2.21343288e+00 2.26496128e-02
2.21992717e+00 2.23715546e-02
2.22642146e+00 2.20973089e-02
2.23291576e+00 2.18268181e-02
2.23941005e+00 2.15600255e-02
2.24590435e+00 2.12968751e-02
2.25239864e+00 2.10373120e-02
2.25889293e+00 2.07812823e-02
2.26538723e+00 2.05287327e-02
2.27188152e+00 2.02796112e-02
2.27837581e+00 2.00338662e-02
2.28487011e+00 1.97914471e-02
2.29136440e+00 1.95523044e-02
2.29785869e+00 1.93163890e-02
2.30435299e+00 1.90836529e-02
2.31084728e+00 1.88540487e-02
2.31734158e+00 1.86275299e-02
2.32383587e+00 1.84040506e-02
2.33033016e+00 1.81835657e-02
2.33682446e+00 1.79660311e-02
2.34331875e+00 1.77514030e-02
2.34981304e+00 1.75396385e-02
2.35630734e+00 1.73306955e-02
2.36280163e+00 1.71245324e-02
2.36929593e+00 1.69211082e-02
2.37579022e+00 1.67203829e-02
2.38228451e+00 1.65223169e-02
2.38877881e+00 1.63268712e-02
2.39527310e+00 1.61340075e-02
2.40176739e+00 1.59436881e-02
2.40826169e+00 1.57558759e-02
2.41475598e+00 1.55705345e-02
2.42125027e+00 1.53876279e-02
2.42774457e+00 1.52071208e-02
2.43423886e+00 1.50289784e-02
2.44073316e+00 1.48531664e-02
2.44722745e+00 1.46796512e-02
2.45372174e+00 1.45083996e-02
2.46021604e+00 1.43393789e-02
2.46671033e+00 1.41725572e-02
2.47320462e+00 1.40079026e-02
2.47969892e+00 1.38453842e-02
2.48619321e+00 1.36849712e-02
2.49268751e+00 1.35266336e-02
2.49918180e+00 1.33703417e-02
2.50567609e+00 1.32160662e-02
2.51217039e+00 1.30637784e-02
2.51866468e+00 1.29134501e-02
2.52515897e+00 1.27650533e-02
2.53165327e+00 1.26185606e-02
2.53814756e+00 1.24739450e-02
2.54464185e+00 1.23311799e-02
2.55113615e+00 1.21902392e-02
2.55763044e+00 1.20510971e-02
2.56412474e+00 1.19137281e-02
2.57061903e+00 1.17781075e-02
2.57711332e+00 1.16442105e-02
2.58360762e+00 1.15120129e-02
2.59010191e+00 1.13814909e-02
2.59659620e+00 1.12526210e-02
2.60309050e+00 1.11253802e-02
2.60958479e+00 1.09997456e-02
2.61607909e+00 1.08756949e-02
2.62257338e+00 1.07532059e-02
2.62906767e+00 1.06322569e-02
2.63556197e+00 1.05128266e-02
2.64205626e+00 1.03948939e-02
2.64855055e+00 1.02784379e-02
2.65504485e+00 1.01634384e-02
2.66153914e+00 1.00498750e-02
2.66803344e+00 9.93772811e-03
2.67452773e+00 9.82697807e-03
2.68102202e+00 9.71760568e-03
2.68751632e+00 9.60959201e-03
2.69401061e+00 9.50291839e-03
2.70050490e+00 9.39756646e-03
2.70699920e+00 9.29351811e-03
2.71349349e+00 9.19075551e-03
2.71998778e+00 9.08926111e-03
2.72648208e+00 8.98901760e-03
2.73297637e+00 8.89000795e-03
2.73947067e+00 8.79221536e-03
2.74596496e+00 8.69562332e-03
2.75245925e+00 8.60021552e-03
2.75895355e+00 8.50597592e-03
2.76544784e+00 8.41288871e-03
2.77194213e+00 8.32093831e-03
2.77843643e+00 8.23010939e-03
2.78493072e+00 8.14038682e-03
2.79142502e+00 8.05175571e-03
2.79791931e+00 7.96420139e-03
2.80441360e+00 7.87770939e-03
2.81090790e+00 7.79226548e-03
2.81740219e+00 7.70785561e-03
2.82389648e+00 7.62446597e-03
2.83039078e+00 7.54208291e-03
2.83688507e+00 7.46069301e-03
2.84337936e+00 7.38028304e-03
2.84987366e+00 7.30083996e-03
2.85636795e+00 7.22235092e-03
2.86286225e+00 7.14480326e-03
2.86935654e+00 7.06818450e-03
2.87585083e+00 6.99248235e-03
2.88234513e+00 6.91768469e-03
2.88883942e+00 6.84377957e-03
2.89533371e+00 6.77075522e-03
2.90182801e+00 6.69860006e-03
2.90832230e+00 6.62730263e-03
2.91481660e+00 6.55685168e-03
2.92131089e+00 6.48723610e-03
2.92780518e+00 6.41844495e-03
2.93429948e+00 6.35046743e-03
2.94079377e+00 6.28329291e-03
2.94728806e+00 6.21691092e-03
2.95378236e+00 6.15131111e-03
2.96027665e+00 6.08648330e-03
2.96677094e+00 6.02241746e-03
2.97326524e+00 5.95910369e-03
2.97975953e+00 5.89653223e-03
2.98625383e+00 5.83469347e-03
2.99274812e+00 5.77357793e-03
2.99924241e+00 5.71317626e-03
3.00573671e+00 5.65347925e-03
3.01223100e+00 5.59447781e-03
3.01872529e+00 5.53616299e-03
3.02521959e+00 5.47852597e-03
3.03171388e+00 5.42155804e-03
3.03820818e+00 5.36525061e-03
3.04470247e+00 5.30959522e-03
3.05119676e+00 5.25458355e-03
3.05769106e+00 5.20020734e-03
3.06418535e+00 5.14645851e-03
3.07067964e+00 5.09332905e-03
3.07717394e+00 5.04081107e-03
3.08366823e+00 4.98889681e-03
3.09016252e+00 4.93757859e-03
3.09665682e+00 4.88684885e-03
3.10315111e+00 4.83670015e-03
3.10964541e+00 4.78712512e-03
3.11613970e+00 4.73811652e-03
3.12263399e+00 4.68966719e-03
3.12912829e+00 4.64177010e-03
3.13562258e+00 4.59441828e-03
3.14211687e+00 4.54760488e-03
3.14861117e+00 4.50132314e-03
3.15510546e+00 4.45556638e-03
3.16159976e+00 4.41032803e-03
3.16809405e+00 4.36560160e-03
3.17458834e+00 4.32138069e-03
3.18108264e+00 4.27765899e-03
3.18757693e+00 4.23443028e-03
3.19407122e+00 4.19168841e-03
3.20056552e+00 4.14942734e-03
3.20705981e+00 4.10764108e-03
3.21355410e+00 4.06632375e-03
3.22004840e+00 4.02546953e-03
3.22654269e+00 3.98507269e-03
3.23303699e+00 3.94512757e-03
3.23953128e+00 3.90562860e-03
3.24602557e+00 3.86657028e-03
3.25251987e+00 3.82794716e-03
3.25901416e+00 3.78975391e-03
3.26550845e+00 3.75198523e-03
3.27200275e+00 3.71463591e-03
3.27849704e+00 3.67770082e-03
3.28499134e+00 3.64117487e-03
3.29148563e+00 3.60505306e-03
3.29797992e+00 3.56933046e-03
3.30447422e+00 3.53400219e-03
3.31096851e+00 3.49906345e-03
3.31746280e+00 3.46450949e-03
3.32395710e+00 3.43033564e-03
3.33045139e+00 3.39653727e-03
3.33694568e+00 3.36310983e-03
3.34343998e+00 3.33004884e-03
3.34993427e+00 3.29734984e-03
3.35642857e+00 3.26500847e-03
3.36292286e+00 3.23302040e-03
3.36941715e+00 3.20138139e-03
3.37591145e+00 3.17008721e-03
3.38240574e+00 3.13913372e-03
3.38890003e+00 3.10851683e-03
3.39539433e+00 3.07823249e-03
3.40188862e+00 3.04827672e-03
3.40838292e+00 3.01864558e-03
3.41487721e+00 2.98933519e-03
3.42137150e+00 2.96034171e-03
3.42786580e+00 2.93166137e-03
3.43436009e+00 2.90329042e-03
3.44085438e+00 2.87522519e-03
3.44734868e+00 2.84746203e-03
3.45384297e+00 2.81999737e-03
3.46033726e+00 2.79282765e-03
3.46683156e+00 2.76594938e-03
3.47332585e+00 2.73935911e-03
3.47982015e+00 2.71305343e-03
3.48631444e+00 2.68702898e-03
3.49280873e+00 2.66128244e-03
3.49930303e+00 2.63581054e-03
3.50579732e+00 2.61061005e-03
3.51229161e+00 2.58567776e-03
3.51878591e+00 2.56101053e-03
3.52528020e+00 2.53660526e-03
3.53177450e+00 2.51245886e-03
3.53826879e+00 2.48856832e-03
3.54476308e+00 2.46493063e-03
3.55125738e+00 2.44154285e-03
3.55775167e+00 2.41840205e-03
3.56424596e+00 2.39550537e-03
3.57074026e+00 2.37284995e-03
3.57723455e+00 2.35043299e-03
3.58372884e+00 2.32825173e-03
3.59022314e+00 2.30630343e-03
3.59671743e+00 2.28458539e-03
3.60321173e+00 2.26309493e-03
3.60970602e+00 2.24182944e-03
3.61620031e+00 2.22078632e-03
3.62269461e+00 2.19996299e-03
3.62918890e+00 2.17935692e-03
3.63568319e+00 2.15896562e-03
3.64217749e+00 2.13878661e-03
3.64867178e+00 2.11881745e-03
3.65516608e+00 2.09905574e-03
3.66166037e+00 2.07949910e-03
3.66815466e+00 2.06014518e-03
3.67464896e+00 2.04099167e-03
3.68114325e+00 2.02203626e-03
3.68763754e+00 2.00327671e-03
3.69413184e+00 1.98471078e-03
3.70062613e+00 1.96633627e-03
3.70712042e+00 1.94815100e-03
3.71361472e+00 1.93015281e-03
3.72010901e+00 1.91233959e-03
3.72660331e+00 1.89470924e-03
3.73309760e+00 1.87725968e-03
3.73959189e+00 1.85998888e-03
3.74608619e+00 1.84289481e-03
3.75258048e+00 1.82597548e-03
3.75907477e+00 1.80922891e-03
3.76556907e+00 1.79265317e-03
3.77206336e+00 1.77624633e-03
3.77855766e+00 1.76000649e-03
3.78505195e+00 1.74393177e-03
3.79154624e+00 1.72802033e-03
3.79804054e+00 1.71227034e-03
3.80453483e+00 1.69667998e-03
3.81102912e+00 1.68124748e-03
3.81752342e+00 1.66597107e-03
3.82401771e+00 1.65084902e-03
3.83051200e+00 1.63587959e-03
3.83700630e+00 1.62106110e-03
3.84350059e+00 1.60639186e-03
3.84999489e+00 1.59187021e-03
3.85648918e+00 1.57749452e-03
3.86298347e+00 1.56326318e-03
3.86947777e+00 1.54917457e-03
3.87597206e+00 1.53522714e-03
3.88246635e+00 1.52141930e-03
3.88896065e+00 1.50774953e-03
3.89545494e+00 1.49421630e-03
3.90194924e+00 1.48081810e-03
3.90844353e+00 1.46755346e-03
3.91493782e+00 1.45442090e-03
