# n(z) fit from CHIME catalogue using precomputed z_of_dm spline
# dm_file=/Users/robert/Documents/Git/frb_catalogue/simulated_catalogues/data/DM_of_z.npz
# model=lognormal shape=0.64835088 loc=0 scale=0.53629509
# columns: z pdf_nz
3.96446289e-02 4.85453949e-03
4.56877204e-02 9.90671559e-03
5.17308119e-02 1.77867525e-02
5.77739035e-02 2.90238294e-02
6.38169950e-02 4.39994719e-02
6.98600865e-02 6.29363739e-02
7.59031781e-02 8.59048461e-02
8.19462696e-02 1.12839979e-01
8.79893611e-02 1.43564140e-01
9.40324527e-02 1.77811043e-01
1.00075544e-01 2.15248999e-01
1.06118636e-01 2.55501973e-01
1.12161727e-01 2.98167781e-01
1.18204819e-01 3.42833240e-01
1.24247910e-01 3.89086365e-01
1.30291002e-01 4.36525860e-01
1.36334093e-01 4.84768230e-01
1.42377185e-01 5.33452876e-01
1.48420276e-01 5.82245501e-01
1.54463368e-01 6.30840158e-01
1.60506460e-01 6.78960194e-01
1.66549551e-01 7.26358360e-01
1.72592643e-01 7.72816270e-01
1.78635734e-01 8.18143381e-01
1.84678826e-01 8.62175638e-01
1.90721917e-01 9.04773894e-01
1.96765009e-01 9.45822183e-01
2.02808100e-01 9.85225935e-01
2.08851192e-01 1.02291016e+00
2.14894283e-01 1.05881767e+00
2.20937375e-01 1.09290733e+00
2.26980466e-01 1.12515244e+00
2.33023558e-01 1.15553909e+00
2.39066649e-01 1.18406477e+00
2.45109741e-01 1.21073694e+00
2.51152833e-01 1.23557177e+00
2.57195924e-01 1.25859299e+00
2.63239016e-01 1.27983081e+00
2.69282107e-01 1.29932096e+00
2.75325199e-01 1.31710378e+00
2.81368290e-01 1.33322345e+00
2.87411382e-01 1.34772729e+00
2.93454473e-01 1.36066509e+00
2.99497565e-01 1.37208856e+00
3.05540656e-01 1.38205083e+00
3.11583748e-01 1.39060597e+00
3.17626839e-01 1.39780866e+00
3.23669931e-01 1.40371379e+00
3.29713022e-01 1.40837618e+00
3.35756114e-01 1.41185033e+00
3.41799206e-01 1.41419017e+00
3.47842297e-01 1.41544892e+00
3.53885389e-01 1.41567887e+00
3.59928480e-01 1.41493128e+00
3.65971572e-01 1.41325625e+00
3.72014663e-01 1.41070266e+00
3.78057755e-01 1.40731803e+00
3.84100846e-01 1.40314856e+00
3.90143938e-01 1.39823898e+00
3.96187029e-01 1.39263261e+00
4.02230121e-01 1.38637128e+00
4.08273212e-01 1.37949537e+00
4.14316304e-01 1.37204375e+00
4.20359395e-01 1.36405384e+00
4.26402487e-01 1.35556158e+00
4.32445579e-01 1.34660150e+00
4.38488670e-01 1.33720668e+00
4.44531762e-01 1.32740881e+00
4.50574853e-01 1.31723822e+00
4.56617945e-01 1.30672391e+00
4.62661036e-01 1.29589355e+00
4.68704128e-01 1.28477358e+00
4.74747219e-01 1.27338918e+00
4.80790311e-01 1.26176436e+00
4.86833402e-01 1.24992195e+00
4.92876494e-01 1.23788368e+00
4.98919585e-01 1.22567019e+00
5.04962677e-01 1.21330109e+00
5.11005769e-01 1.20079497e+00
5.17048860e-01 1.18816947e+00
5.23091952e-01 1.17544128e+00
5.29135043e-01 1.16262622e+00
5.35178135e-01 1.14973924e+00
5.41221226e-01 1.13679447e+00
5.47264318e-01 1.12380525e+00
5.53307409e-01 1.11078416e+00
5.59350501e-01 1.09774307e+00
5.65393592e-01 1.08469315e+00
5.71436684e-01 1.07164491e+00
5.77479775e-01 1.05860822e+00
5.83522867e-01 1.04559237e+00
5.89565958e-01 1.03260604e+00
5.95609050e-01 1.01965739e+00
6.01652142e-01 1.00675405e+00
6.07695233e-01 9.93903136e-01
6.13738325e-01 9.81111304e-01
6.19781416e-01 9.68384754e-01
6.25824508e-01 9.55729252e-01
6.31867599e-01 9.43150158e-01
6.37910691e-01 9.30652443e-01
6.43953782e-01 9.18240705e-01
6.49996874e-01 9.05919194e-01
6.56039965e-01 8.93691824e-01
6.62083057e-01 8.81562196e-01
6.68126148e-01 8.69533608e-01
6.74169240e-01 8.57609075e-01
6.80212331e-01 8.45791341e-01
6.86255423e-01 8.34082897e-01
6.92298515e-01 8.22485992e-01
6.98341606e-01 8.11002643e-01
7.04384698e-01 7.99634657e-01
7.10427789e-01 7.88383631e-01
7.16470881e-01 7.77250973e-01
7.22513972e-01 7.66237906e-01
7.28557064e-01 7.55345484e-01
7.34600155e-01 7.44574596e-01
7.40643247e-01 7.33925981e-01
7.46686338e-01 7.23400231e-01
7.52729430e-01 7.12997806e-01
7.58772521e-01 7.02719037e-01
7.64815613e-01 6.92564135e-01
7.70858704e-01 6.82533200e-01
7.76901796e-01 6.72626225e-01
7.82944888e-01 6.62843106e-01
7.88987979e-01 6.53183645e-01
7.95031071e-01 6.43647558e-01
8.01074162e-01 6.34234479e-01
8.07117254e-01 6.24943970e-01
8.13160345e-01 6.15775518e-01
8.19203437e-01 6.06728548e-01
8.25246528e-01 5.97802421e-01
8.31289620e-01 5.88996444e-01
8.37332711e-01 5.80309871e-01
8.43375803e-01 5.71741905e-01
8.49418894e-01 5.63291708e-01
8.55461986e-01 5.54958397e-01
8.61505077e-01 5.46741054e-01
8.67548169e-01 5.38638723e-01
8.73591261e-01 5.30650419e-01
8.79634352e-01 5.22775127e-01
8.85677444e-01 5.15011805e-01
8.91720535e-01 5.07359387e-01
8.97763627e-01 4.99816787e-01
9.03806718e-01 4.92382898e-01
9.09849810e-01 4.85056597e-01
9.15892901e-01 4.77836745e-01
9.21935993e-01 4.70722190e-01
9.27979084e-01 4.63711770e-01
9.34022176e-01 4.56804312e-01
9.40065267e-01 4.49998634e-01
9.46108359e-01 4.43293548e-01
9.52151450e-01 4.36687862e-01
9.58194542e-01 4.30180378e-01
9.64237634e-01 4.23769896e-01
9.70280725e-01 4.17455215e-01
9.76323817e-01 4.11235133e-01
9.82366908e-01 4.05108449e-01
9.88410000e-01 3.99073962e-01
9.94453091e-01 3.93130474e-01
1.00049618e+00 3.87276793e-01
1.00653927e+00 3.81511725e-01
1.01258237e+00 3.75834087e-01
1.01862546e+00 3.70242698e-01
1.02466855e+00 3.64736382e-01
1.03071164e+00 3.59313973e-01
1.03675473e+00 3.53974309e-01
1.04279782e+00 3.48716238e-01
1.04884092e+00 3.43538614e-01
1.05488401e+00 3.38440300e-01
1.06092710e+00 3.33420169e-01
1.06697019e+00 3.28477103e-01
1.07301328e+00 3.23609992e-01
1.07905637e+00 3.18817738e-01
1.08509946e+00 3.14099252e-01
1.09114256e+00 3.09453456e-01
1.09718565e+00 3.04879281e-01
1.10322874e+00 3.00375671e-01
1.10927183e+00 2.95941580e-01
1.11531492e+00 2.91575972e-01
1.12135801e+00 2.87277825e-01
1.12740110e+00 2.83046126e-01
1.13344420e+00 2.78879875e-01
1.13948729e+00 2.74778083e-01
1.14553038e+00 2.70739772e-01
1.15157347e+00 2.66763977e-01
1.15761656e+00 2.62849745e-01
1.16365965e+00 2.58996132e-01
1.16970275e+00 2.55202210e-01
1.17574584e+00 2.51467059e-01
1.18178893e+00 2.47789773e-01
1.18783202e+00 2.44169458e-01
1.19387511e+00 2.40605230e-01
1.19991820e+00 2.37096219e-01
1.20596129e+00 2.33641566e-01
1.21200439e+00 2.30240422e-01
1.21804748e+00 2.26891951e-01
1.22409057e+00 2.23595330e-01
1.23013366e+00 2.20349744e-01
1.23617675e+00 2.17154393e-01
1.24221984e+00 2.14008487e-01
1.24826294e+00 2.10911247e-01
1.25430603e+00 2.07861904e-01
1.26034912e+00 2.04859703e-01
1.26639221e+00 2.01903898e-01
1.27243530e+00 1.98993755e-01
1.27847839e+00 1.96128549e-01
1.28452148e+00 1.93307569e-01
1.29056458e+00 1.90530111e-01
1.29660767e+00 1.87795483e-01
1.30265076e+00 1.85103005e-01
1.30869385e+00 1.82452005e-01
1.31473694e+00 1.79841822e-01
1.32078003e+00 1.77271806e-01
1.32682313e+00 1.74741315e-01
1.33286622e+00 1.72249720e-01
1.33890931e+00 1.69796397e-01
1.34495240e+00 1.67380737e-01
1.35099549e+00 1.65002136e-01
1.35703858e+00 1.62660002e-01
1.36308167e+00 1.60353752e-01
1.36912477e+00 1.58082811e-01
1.37516786e+00 1.55846614e-01
1.38121095e+00 1.53644605e-01
1.38725404e+00 1.51476236e-01
1.39329713e+00 1.49340969e-01
1.39934022e+00 1.47238272e-01
1.40538332e+00 1.45167625e-01
1.41142641e+00 1.43128514e-01
1.41746950e+00 1.41120433e-01
1.42351259e+00 1.39142886e-01
1.42955568e+00 1.37195383e-01
1.43559877e+00 1.35277443e-01
1.44164186e+00 1.33388592e-01
1.44768496e+00 1.31528365e-01
1.45372805e+00 1.29696302e-01
1.45977114e+00 1.27891954e-01
1.46581423e+00 1.26114876e-01
1.47185732e+00 1.24364632e-01
1.47790041e+00 1.22640793e-01
1.48394351e+00 1.20942937e-01
1.48998660e+00 1.19270647e-01
1.49602969e+00 1.17623516e-01
1.50207278e+00 1.16001141e-01
1.50811587e+00 1.14403126e-01
1.51415896e+00 1.12829084e-01
1.52020205e+00 1.11278630e-01
1.52624515e+00 1.09751390e-01
1.53228824e+00 1.08246992e-01
1.53833133e+00 1.06765074e-01
1.54437442e+00 1.05305275e-01
1.55041751e+00 1.03867245e-01
1.55646060e+00 1.02450638e-01
1.56250370e+00 1.01055111e-01
1.56854679e+00 9.96803303e-02
1.57458988e+00 9.83259663e-02
1.58063297e+00 9.69916947e-02
1.58667606e+00 9.56771966e-02
1.59271915e+00 9.43821584e-02
1.59876224e+00 9.31062718e-02
1.60480534e+00 9.18492334e-02
1.61084843e+00 9.06107449e-02
1.61689152e+00 8.93905129e-02
1.62293461e+00 8.81882489e-02
1.62897770e+00 8.70036690e-02
1.63502079e+00 8.58364941e-02
1.64106389e+00 8.46864498e-02
1.64710698e+00 8.35532660e-02
1.65315007e+00 8.24366772e-02
1.65919316e+00 8.13364223e-02
1.66523625e+00 8.02522444e-02
1.67127934e+00 7.91838910e-02
1.67732243e+00 7.81311135e-02
1.68336553e+00 7.70936677e-02
1.68940862e+00 7.60713132e-02
1.69545171e+00 7.50638137e-02
1.70149480e+00 7.40709368e-02
1.70753789e+00 7.30924537e-02
1.71358098e+00 7.21281398e-02
1.71962408e+00 7.11777737e-02
1.72566717e+00 7.02411380e-02
1.73171026e+00 6.93180188e-02
1.73775335e+00 6.84082056e-02
1.74379644e+00 6.75114915e-02
1.74983953e+00 6.66276729e-02
1.75588262e+00 6.57565496e-02
1.76192572e+00 6.48979247e-02
1.76796881e+00 6.40516046e-02
1.77401190e+00 6.32173986e-02
1.78005499e+00 6.23951195e-02
1.78609808e+00 6.15845829e-02
1.79214117e+00 6.07856075e-02
1.79818427e+00 5.99980150e-02
1.80422736e+00 5.92216300e-02
1.81027045e+00 5.84562799e-02
1.81631354e+00 5.77017951e-02
1.82235663e+00 5.69580086e-02
1.82839972e+00 5.62247562e-02
1.83444281e+00 5.55018764e-02
1.84048591e+00 5.47892102e-02
1.84652900e+00 5.40866013e-02
1.85257209e+00 5.33938961e-02
1.85861518e+00 5.27109432e-02
1.86465827e+00 5.20375938e-02
1.87070136e+00 5.13737016e-02
1.87674446e+00 5.07191225e-02
1.88278755e+00 5.00737150e-02
1.88883064e+00 4.94373396e-02
1.89487373e+00 4.88098592e-02
1.90091682e+00 4.81911389e-02
1.90695991e+00 4.75810461e-02
1.91300300e+00 4.69794503e-02
1.91904610e+00 4.63862228e-02
1.92508919e+00 4.58012375e-02
1.93113228e+00 4.52243699e-02
1.93717537e+00 4.46554978e-02
1.94321846e+00 4.40945008e-02
1.94926155e+00 4.35412604e-02
1.95530465e+00 4.29956603e-02
1.96134774e+00 4.24575857e-02
1.96739083e+00 4.19269238e-02
1.97343392e+00 4.14035637e-02
1.97947701e+00 4.08873961e-02
1.98552010e+00 4.03783137e-02
1.99156319e+00 3.98762106e-02
1.99760629e+00 3.93809829e-02
2.00364938e+00 3.88925281e-02
2.00969247e+00 3.84107455e-02
2.01573556e+00 3.79355360e-02
2.02177865e+00 3.74668021e-02
2.02782174e+00 3.70044477e-02
2.03386484e+00 3.65483783e-02
2.03990793e+00 3.60985009e-02
2.04595102e+00 3.56547242e-02
2.05199411e+00 3.52169580e-02
2.05803720e+00 3.47851137e-02
2.06408029e+00 3.43591041e-02
2.07012338e+00 3.39388433e-02
2.07616648e+00 3.35242470e-02
2.08220957e+00 3.31152319e-02
2.08825266e+00 3.27117163e-02
2.09429575e+00 3.23136195e-02
2.10033884e+00 3.19208623e-02
2.10638193e+00 3.15333667e-02
2.11242502e+00 3.11510560e-02
2.11846812e+00 3.07738544e-02
2.12451121e+00 3.04016876e-02
2.13055430e+00 3.00344824e-02
2.13659739e+00 2.96721666e-02
2.14264048e+00 2.93146694e-02
2.14868357e+00 2.89619208e-02
2.15472667e+00 2.86138521e-02
2.16076976e+00 2.82703956e-02
2.16681285e+00 2.79314846e-02
2.17285594e+00 2.75970536e-02
2.17889903e+00 2.72670380e-02
2.18494212e+00 2.69413742e-02
2.19098521e+00 2.66199997e-02
2.19702831e+00 2.63028527e-02
2.20307140e+00 2.59898727e-02
2.20911449e+00 2.56809998e-02
2.21515758e+00 2.53761754e-02
2.22120067e+00 2.50753416e-02
2.22724376e+00 2.47784412e-02
2.23328686e+00 2.44854182e-02
2.23932995e+00 2.41962174e-02
2.24537304e+00 2.39107844e-02
2.25141613e+00 2.36290654e-02
2.25745922e+00 2.33510079e-02
2.26350231e+00 2.30765599e-02
2.26954540e+00 2.28056702e-02
2.27558850e+00 2.25382884e-02
2.28163159e+00 2.22743651e-02
2.28767468e+00 2.20138512e-02
2.29371777e+00 2.17566988e-02
2.29976086e+00 2.15028605e-02
2.30580395e+00 2.12522897e-02
2.31184705e+00 2.10049403e-02
2.31789014e+00 2.07607673e-02
2.32393323e+00 2.05197260e-02
2.32997632e+00 2.02817725e-02
2.33601941e+00 2.00468638e-02
2.34206250e+00 1.98149572e-02
2.34810559e+00 1.95860107e-02
2.35414869e+00 1.93599832e-02
2.36019178e+00 1.91368340e-02
2.36623487e+00 1.89165231e-02
2.37227796e+00 1.86990109e-02
2.37832105e+00 1.84842587e-02
2.38436414e+00 1.82722282e-02
2.39040724e+00 1.80628817e-02
2.39645033e+00 1.78561820e-02
2.40249342e+00 1.76520927e-02
2.40853651e+00 1.74505777e-02
2.41457960e+00 1.72516014e-02
2.42062269e+00 1.70551290e-02
2.42666578e+00 1.68611260e-02
2.43270888e+00 1.66695586e-02
2.43875197e+00 1.64803931e-02
2.44479506e+00 1.62935969e-02
2.45083815e+00 1.61091373e-02
2.45688124e+00 1.59269825e-02
2.46292433e+00 1.57471010e-02
2.46896743e+00 1.55694618e-02
2.47501052e+00 1.53940343e-02
2.48105361e+00 1.52207884e-02
2.48709670e+00 1.50496945e-02
2.49313979e+00 1.48807232e-02
2.49918288e+00 1.47138460e-02
2.50522597e+00 1.45490343e-02
2.51126907e+00 1.43862601e-02
2.51731216e+00 1.42254961e-02
2.52335525e+00 1.40667150e-02
2.52939834e+00 1.39098900e-02
2.53544143e+00 1.37549949e-02
2.54148452e+00 1.36020036e-02
2.54752762e+00 1.34508906e-02
2.55357071e+00 1.33016307e-02
2.55961380e+00 1.31541989e-02
2.56565689e+00 1.30085709e-02
2.57169998e+00 1.28647224e-02
2.57774307e+00 1.27226297e-02
2.58378616e+00 1.25822693e-02
2.58982926e+00 1.24436183e-02
2.59587235e+00 1.23066536e-02
2.60191544e+00 1.21713531e-02
2.60795853e+00 1.20376944e-02
2.61400162e+00 1.19056559e-02
2.62004471e+00 1.17752161e-02
2.62608781e+00 1.16463537e-02
2.63213090e+00 1.15190480e-02
2.63817399e+00 1.13932783e-02
2.64421708e+00 1.12690243e-02
2.65026017e+00 1.11462662e-02
2.65630326e+00 1.10249841e-02
2.66234635e+00 1.09051587e-02
2.66838945e+00 1.07867708e-02
2.67443254e+00 1.06698016e-02
2.68047563e+00 1.05542324e-02
2.68651872e+00 1.04400450e-02
2.69256181e+00 1.03272212e-02
2.69860490e+00 1.02157433e-02
2.70464800e+00 1.01055936e-02
2.71069109e+00 9.99675487e-03
2.71673418e+00 9.88921003e-03
2.72277727e+00 9.78294224e-03
2.72882036e+00 9.67793491e-03
2.73486345e+00 9.57417169e-03
2.74090654e+00 9.47163643e-03
2.74694964e+00 9.37031325e-03
2.75299273e+00 9.27018645e-03
2.75903582e+00 9.17124060e-03
2.76507891e+00 9.07346043e-03
2.77112200e+00 8.97683093e-03
2.77716509e+00 8.88133728e-03
2.78320819e+00 8.78696487e-03
2.78925128e+00 8.69369929e-03
2.79529437e+00 8.60152633e-03
2.80133746e+00 8.51043199e-03
2.80738055e+00 8.42040245e-03
2.81342364e+00 8.33142410e-03
2.81946673e+00 8.24348351e-03
2.82550983e+00 8.15656741e-03
2.83155292e+00 8.07066277e-03
2.83759601e+00 7.98575668e-03
2.84363910e+00 7.90183646e-03
2.84968219e+00 7.81888958e-03
2.85572528e+00 7.73690367e-03
2.86176838e+00 7.65586655e-03
2.86781147e+00 7.57576621e-03
2.87385456e+00 7.49659080e-03
2.87989765e+00 7.41832863e-03
2.88594074e+00 7.34096816e-03
2.89198383e+00 7.26449803e-03
2.89802692e+00 7.18890703e-03
2.90407002e+00 7.11418409e-03
2.91011311e+00 7.04031830e-03
2.91615620e+00 6.96729890e-03
2.92219929e+00 6.89511528e-03
2.92824238e+00 6.82375697e-03
2.93428547e+00 6.75321363e-03
2.94032857e+00 6.68347508e-03
2.94637166e+00 6.61453128e-03
2.95241475e+00 6.54637231e-03
2.95845784e+00 6.47898839e-03
2.96450093e+00 6.41236987e-03
2.97054402e+00 6.34650725e-03
2.97658711e+00 6.28139113e-03
2.98263021e+00 6.21701225e-03
2.98867330e+00 6.15336147e-03
2.99471639e+00 6.09042979e-03
3.00075948e+00 6.02820831e-03
3.00680257e+00 5.96668825e-03
3.01284566e+00 5.90586098e-03
3.01888876e+00 5.84571794e-03
3.02493185e+00 5.78625071e-03
3.03097494e+00 5.72745097e-03
3.03701803e+00 5.66931054e-03
3.04306112e+00 5.61182132e-03
3.04910421e+00 5.55497532e-03
3.05514730e+00 5.49876467e-03
3.06119040e+00 5.44318159e-03
3.06723349e+00 5.38821842e-03
3.07327658e+00 5.33386759e-03
3.07931967e+00 5.28012164e-03
3.08536276e+00 5.22697318e-03
3.09140585e+00 5.17441496e-03
3.09744895e+00 5.12243981e-03
3.10349204e+00 5.07104063e-03
3.10953513e+00 5.02021044e-03
3.11557822e+00 4.96994236e-03
3.12162131e+00 4.92022957e-03
3.12766440e+00 4.87106536e-03
3.13370749e+00 4.82244312e-03
3.13975059e+00 4.77435629e-03
3.14579368e+00 4.72679842e-03
3.15183677e+00 4.67976316e-03
3.15787986e+00 4.63324420e-03
3.16392295e+00 4.58723535e-03
3.16996604e+00 4.54173049e-03
3.17600913e+00 4.49672357e-03
3.18205223e+00 4.45220863e-03
3.18809532e+00 4.40817979e-03
3.19413841e+00 4.36463123e-03
3.20018150e+00 4.32155722e-03
3.20622459e+00 4.27895210e-03
3.21226768e+00 4.23681029e-03
3.21831078e+00 4.19512626e-03
3.22435387e+00 4.15389459e-03
3.23039696e+00 4.11310989e-03
3.23644005e+00 4.07276686e-03
3.24248314e+00 4.03286027e-03
3.24852623e+00 3.99338495e-03
3.25456932e+00 3.95433579e-03
3.26061242e+00 3.91570778e-03
3.26665551e+00 3.87749592e-03
3.27269860e+00 3.83969532e-03
3.27874169e+00 3.80230114e-03
3.28478478e+00 3.76530858e-03
3.29082787e+00 3.72871294e-03
3.29687097e+00 3.69250954e-03
3.30291406e+00 3.65669379e-03
3.30895715e+00 3.62126115e-03
3.31500024e+00 3.58620712e-03
3.32104333e+00 3.55152729e-03
3.32708642e+00 3.51721728e-03
3.33312951e+00 3.48327278e-03
3.33917261e+00 3.44968952e-03
3.34521570e+00 3.41646330e-03
3.35125879e+00 3.38358996e-03
3.35730188e+00 3.35106541e-03
3.36334497e+00 3.31888559e-03
3.36938806e+00 3.28704650e-03
3.37543116e+00 3.25554420e-03
3.38147425e+00 3.22437478e-03
3.38751734e+00 3.19353441e-03
3.39356043e+00 3.16301927e-03
3.39960352e+00 3.13282561e-03
3.40564661e+00 3.10294974e-03
3.41168970e+00 3.07338798e-03
3.41773280e+00 3.04413672e-03
3.42377589e+00 3.01519241e-03
3.42981898e+00 2.98655150e-03
3.43586207e+00 2.95821052e-03
3.44190516e+00 2.93016604e-03
3.44794825e+00 2.90241466e-03
3.45399135e+00 2.87495302e-03
3.46003444e+00 2.84777783e-03
3.46607753e+00 2.82088580e-03
3.47212062e+00 2.79427371e-03
3.47816371e+00 2.76793838e-03
3.48420680e+00 2.74187664e-03
3.49024989e+00 2.71608540e-03
3.49629299e+00 2.69056159e-03
3.50233608e+00 2.66530215e-03
3.50837917e+00 2.64030411e-03
3.51442226e+00 2.61556450e-03
3.52046535e+00 2.59108040e-03
3.52650844e+00 2.56684892e-03
3.53255154e+00 2.54286720e-03
3.53859463e+00 2.51913244e-03
3.54463772e+00 2.49564185e-03
3.55068081e+00 2.47239269e-03
3.55672390e+00 2.44938222e-03
3.56276699e+00 2.42660779e-03
3.56881008e+00 2.40406673e-03
3.57485318e+00 2.38175643e-03
3.58089627e+00 2.35967431e-03
3.58693936e+00 2.33781782e-03
3.59298245e+00 2.31618442e-03
3.59902554e+00 2.29477163e-03
3.60506863e+00 2.27357700e-03
3.61111173e+00 2.25259808e-03
3.61715482e+00 2.23183248e-03
3.62319791e+00 2.21127782e-03
3.62924100e+00 2.19093175e-03
3.63528409e+00 2.17079198e-03
3.64132718e+00 2.15085619e-03
3.64737027e+00 2.13112214e-03
3.65341337e+00 2.11158760e-03
3.65945646e+00 2.09225035e-03
